Filenames:
['B9CD3P1-01.png', 'B9CD3P1-02.png', 'B9CD3P1-03.png', 'B9CD3P1-04.png', 'B9CD3P1-05.png', 'B9CD3P1-06.png', 'B9CD3P1-07.png', 'B9CD3P1-08.png', 'B9CD3P1-09.png', 'B9CD3P1-10.png', 'B9CD3P1-11.png', 'B9CD3P1-12.png', 'B9CD3P1-13.png', 'B9CD3P1-14.png', 'B9CD3P1-15.png', 'B9CD3P1-16.png', 'B9CD3P1-17.png', 'B9CD3P1-19.png', 'B9CD3P1-20.png', 'B9CD3P1-21.png', 'B9CD3P1-22.png', 'B9CD3P1-24.png', 'B9CD3P1-25.png', 'B9CD3P1-26.png', 'B9CD3P1-27.png', 'B9CD3P1-28.png', 'B9CD3P1-29.png', 'B9CD3P1-30.png', 'B9CD3P1-31.png', 'B9CD3P1-32.png', 'B9CD3P1-33.png', 'B9CD3P1-34.png', 'B9CD3P1-35.png', 'B9CD3P1-37.png']
Areas:
[230483, 239363, 241675, 204898, 200465, 233488, 225072, 262824, 233515, 210070, 212081, 242228, 252756, 229314, 228078, 218215, 246757, 202967, 231656, 209377, 209232, 126753, 280048, 201719, 271956, 293663, 240979, 199388, 192064, 227409, 264018, 193061, 205551, 276683]
Perimeters:
[2971.3018741276633, 2866.895669792004, 2988.1160159025367, 2904.97893091269, 2955.9078631008238, 2834.35151391472, 2850.192134348286, 3032.777920785912, 2309.9494936611663, 2930.996174855393, 2949.6824663564075, 2901.956636336103, 2995.7312395916865, 3102.4835482706844, 2989.3464632808364, 3136.1160159025367, 3179.0104602052647, 2885.363707223539, 2994.292639411674, 3456.8510806388313, 3027.873375215418, 2060.54538136656, 3005.8906191581204, 2872.0398974567884, 3018.383043207296, 2966.618541219478, 2895.8733752154176, 3033.0794359760775, 2778.334269972017, 2873.2215715998086, 2982.4591616530447, 2899.245958217448, 2860.251008851332, 3049.0621920333747]
Minor axes:
[326.8270163566232, 276.47029816873913, 269.5495848485091, 291.2133283348357, 276.2293404657069, 283.80815026816913, 276.64668144275043, 283.68417544031803, 350.1433113844583, 286.2249664172397, 282.8052066987409, 297.35054364030583, 291.8706211547903, 279.05521012361567, 237.28482958350867, 282.4232686092481, 273.2559206387672, 274.1021149018611, 271.96276875227386, 283.0003067787187, 285.6196123171095, 275.073600088679, 298.39163049791716, 308.2247922919795, 316.3661052541496, 306.605046502785, 286.7605447442525, 265.91119175946807, 281.60956290585347, 277.70921707983035, 296.0982102821277, 267.1793066747276, 285.0127301914924, 292.7367564204941]
Major axes:
[1237.4346053488437, 1239.0615987649937, 1315.3416568305631, 1139.5349191120986, 1207.2215955579575, 1147.1346680366578, 1180.4315660077016, 1327.240283195216, 868.9469842515834, 1192.5725512269041, 1192.5017083700568, 1173.1765571958665, 1216.9469468525406, 1254.4679883765875, 1358.3995706789967, 1282.568562625216, 1228.5698513778987, 1139.523347914779, 1198.4285373523937, 1180.9676278131399, 1173.3408767438364, 739.6791414088996, 1272.7529661289575, 1109.16214575873, 1262.5288104038698, 1287.480241833337, 1200.6047968395853, 1183.5568450666553, 1075.366969663266, 1158.5051399448075, 1267.7325512125435, 1156.6013412351424, 1145.116553897013, 1279.1858238222057]
Convex hull areas:
[327601, 272429, 281946, 253343, 252894, 262014, 266740, 298551, 247715, 261585, 252747, 278663, 290339, 268436, 259924, 309274, 262869, 236070, 256591, 257936, 268700, 165860, 296740, 276932, 322787, 313215, 268701, 246446, 242049, 256387, 290785, 231756, 247167, 302608]
Elongations:
[0.5828367367949278, 0.6359414384543735, 0.6607427188157854, 0.592894514073714, 0.6276968286304624, 0.603861705738597, 0.6209044216392979, 0.6485566157550283, 0.42621050809923106, 0.6130269355598977, 0.6166174268000756, 0.5962852009985757, 0.6138835435344066, 0.6365437341084258, 0.7037096272789901, 0.6394895411096561, 0.6370091505230144, 0.6125418428034173, 0.6306643328190707, 0.6136648214693154, 0.6087358916255029, 0.4575960362909833, 0.6210022094198655, 0.56505730917888, 0.5999934681074963, 0.6162246572668011, 0.6150467240884884, 0.6331958232708086, 0.5852429905254567, 0.6137636386268077, 0.6220124107104705, 0.6248633612749964, 0.6016646526558197, 0.6283585960358729]
Roundnesses:
[0.31630133342112865, 0.3589930437332663, 0.33189864319726, 0.2967787677785402, 0.2825000035662518, 0.3601295189876118, 0.33171448082326466, 0.3522263506050932, 0.5394351611039002, 0.3010614041648003, 0.3001582793368567, 0.34638970762859644, 0.34325187225439885, 0.28964806499449103, 0.30703289833719594, 0.2640555957305129, 0.29705373430451676, 0.29965951620454895, 0.3166409848118489, 0.20725162942014436, 0.280189740002387, 0.35618517638121566, 0.3658698369116611, 0.2902450475791891, 0.36242729296147375, 0.4012915395368596, 0.35203596608527654, 0.26630351557068854, 0.30505226337942365, 0.3379505336146024, 0.35869253040818283, 0.2676080588856438, 0.30605176634207126, 0.3608614265580417]
Eccentricities:
[0.9646445904532603, 0.9749240969411476, 0.9789124041404828, 0.9667889880953293, 0.9734898899365717, 0.9690179505571568, 0.9722657004413179, 0.9770124007053164, 0.9155001929817493, 0.9707963943704511, 0.9714727808529935, 0.9674900866621253, 0.9709587909379475, 0.9750266892830857, 0.9847617341053776, 0.9755242464207515, 0.9751057650741801, 0.9707041433346754, 0.9740125633584192, 0.9709173867683658, 0.9699731192620638, 0.9281837140400656, 0.9722836026578262, 0.9606075573617494, 0.9682445189326058, 0.9713993387850954, 0.9711782761399502, 0.9744526832426855, 0.9651665555315624, 0.9709360981008501, 0.9724680637544922, 0.972983958208733, 0.9685803483987866, 0.9736070833227315]
Solidities:
[0.7035479134679076, 0.8786252564888466, 0.857167684592085, 0.808777033507932, 0.7926838912746051, 0.8911279549947713, 0.8437879583114644, 0.8803320035772783, 0.9426760591809136, 0.8030659250339278, 0.8391039260604478, 0.8692506719586023, 0.8705547652916074, 0.8542594882951616, 0.8774795709515089, 0.7055717583760678, 0.9387071126682872, 0.8597746431143305, 0.9028220007716561, 0.8117401215805471, 0.7786825455898772, 0.7642168093572893, 0.9437487362674395, 0.7284062513541231, 0.8425246369897177, 0.9375764251392813, 0.8968295614828378, 0.8090535046217021, 0.7934922267805279, 0.8869755486822655, 0.9079491720687105, 0.8330356064136419, 0.8316280085933802, 0.9143281076508222]
Curvatures:
[937.2388155425119, 743.319984622144, 855.7291475506338, 751.3199846221439, 778.7758287448597, 714.2783540618013, 840.9717882377531, 794.0600999923216, 730.8347032479055, 700.3788591251898, 749.8052659963826, 879.8418459228419, 867.0428560496185, 917.2976900455576, 861.2144289248724, 898.2976900455576, 918.95454429505, 815.4743135546947, 812.5453813665602, 933.7535341682734, 862.55757467538, 605.2123368838193, 865.5992052357226, 914.7535341682733, 930.6824663564079, 818.0306627407988, 819.6164491784257, 794.2316728675755, 809.1311678041872, 790.5748186180831, 856.55757467538, 903.5403307326769, 782.5037508062176, 835.5159441150373]
Curvature Stds:
[0.3446282395519519, 0.3333839636427733, 0.3419316039970587, 0.3355354216092006, 0.33573316197340075, 0.33045976093597423, 0.341508406576617, 0.33398844427906654, 0.34518725008783335, 0.32549602991732085, 0.3324865397899842, 0.34574167855381177, 0.3438717565032826, 0.3450791739011936, 0.3419174483987734, 0.3406294990212456, 0.3469984575761456, 0.3421469535623724, 0.3372966519555214, 0.3452378835895718, 0.3422693730908743, 0.34110549051302025, 0.3407749701490279, 0.34523398036404856, 0.34648313590560487, 0.3395462709186239, 0.34037616452756475, 0.3347455151326676, 0.3419366847957969, 0.339232254565883, 0.3423480146507196, 0.34582506259430734, 0.338090022441368, 0.3386667481873097]
BBARs:
[3.239247311827957, 3.8639240506329116, 3.91875, 3.6859756097560976, 3.773413897280967, 3.877813504823151, 3.722741433021807, 3.7842565597667637, 2.3902439024390243, 3.5959302325581395, 3.744047619047619, 3.5748502994011977, 3.830188679245283, 3.798798798798799, 4.589090909090909, 3.786144578313253, 4.03921568627451, 3.7278481012658227, 4.003215434083601, 3.88125, 3.672727272727273, 2.4584615384615383, 3.860182370820669, 3.2752808988764044, 3.5625, 3.7920489296636086, 3.701219512195122, 4.145214521452146, 3.475, 3.8603174603174604, 3.7671641791044777, 3.7601246105919004, 3.56969696969697, 4.085987261146497]
Frechets:
[140.92994713686656, 134.88235614786686, 130.15471562721038, 159.4090649869072, 137.63084683311368, 133.72079120316332, 133.5, 147.5, 165.74151561995563, 136.00827180726913, 142.13461928749098, 135.94576124322523, 151.24566109478977, 143.510452580988, 122.87900552983004, 135.5036899866568, 137.32170258192986, 133.55991165016545, 131.44295340565046, 136.87676939495614, 135.85378169193524, 135.95311691903206, 138.9361364080634, 133.68339463074688, 136.20297353582262, 146.5136512411045, 135.24514778726814, 131.4277367985921, 129.49227776203492, 135.02684918193123, 140.0830111041307, 131.35924025358855, 137.67806651751033, 138.9361364080634]
RGB Y:
[0.15895243836647627, 0.1538793509017457, 0.19202473118174046, 0.17990608535524244, 0.19780421428343584, 0.1814983276269539, 0.1903196923130615, 0.18504100822209105, 0.22512120034171157, 0.19552476901381938, 0.211453520687068, 0.21014911218202256, 0.20569617010935448, 0.2245336689889694, 0.19386453804744752, 0.1915588153828607, 0.2104498135141898, 0.21781275107933942, 0.20831619131506873, 0.23021200273954, 0.2221804987781869, 0.2155264268608912, 0.21759974616292632, 0.20895517015281084, 0.22619806650597415, 0.2388969830560832, 0.237153282590023, 0.2317864381613822, 0.20622686757595327, 0.1725203593178521, 0.1854844042434685, 0.18906952136479668, 0.19688989687595834, 0.16876638982976175]
CIE Y:
[52.551802661991005, 47.86557505439464, 52.932102991085586, 50.419529329334395, 53.89421003130953, 51.89568414626298, 54.77788371724304, 53.30140805338886, 59.316878103646836, 56.793785046750656, 57.55789506984905, 54.93644006412408, 53.234764579940006, 56.449478374309415, 50.7798335984233, 51.86852189689481, 58.423592410639536, 58.344185426723605, 57.35554077952041, 59.40787425873495, 56.93572778563572, 57.69337013012326, 59.74248233227659, 59.11115873428027, 61.16929230721733, 60.35338571058931, 60.17005510152883, 59.400877654968475, 56.16478155302267, 53.776729010509236, 54.64972001381216, 58.440640211787226, 60.23338911691923, 50.41591431884084]
lab b Y:
[20.88803142612149, 20.079421826002918, 24.601193855831067, 23.307894226644493, 25.531585089132818, 23.222552503954496, 24.641428114502116, 23.87365407594644, 28.696878708011234, 25.21712914789704, 27.025213444339087, 26.548453625284097, 25.994755921051965, 28.172957766733024, 24.72362793335677, 24.538388159419625, 26.727902600841652, 27.58664731510928, 26.497010499039945, 28.969861944890503, 28.07636372857714, 27.777270445699102, 27.38623437070389, 26.559482922394434, 28.748418265404318, 30.002316882938718, 29.45109076143397, 29.01922580354203, 26.603689782500474, 22.61527942826638, 23.993048884840814, 24.893467104985945, 25.886984121472175, 21.94239401997336]
HSV Y:
[0.19618342377255688, 0.1864457069916756, 0.2235452493496766, 0.20339391702435455, 0.22660274748635514, 0.22251668580231398, 0.22372917435098477, 0.22119652875768978, 0.2564998385938275, 0.24087216006574358, 0.2523008628666862, 0.2656882379599852, 0.24199666646430515, 0.2784847140122966, 0.23361708339118703, 0.2365658476946546, 0.26709802459183457, 0.279374299276256, 0.2599080989373784, 0.2919465827204195, 0.2761445609672937, 0.23960282492343507, 0.2830410016121535, 0.27549033130984435, 0.26933527211140174, 0.30066323065901795, 0.30910461915086496, 0.3041436797708048, 0.25270105549026683, 0.20644799289627533, 0.22174607827082923, 0.22231263163536885, 0.23703343175126335, 0.19747450060535912]
RGB Y binary:
[0.16218053784981487, 0.15404291771474313, 0.19687259195516757, 0.19361329279701242, 0.21393337472703453, 0.1945500755310724, 0.20035424109751676, 0.19134673475703098, 0.22950827354202985, 0.2062109470137067, 0.22584039479770976, 0.2301970078115757, 0.2155975383116981, 0.2452982200878361, 0.20263724282844633, 0.21466209497616798, 0.2244274369302489, 0.24220139851675798, 0.22462585801611834, 0.2600721214895705, 0.24092664576696696, 0.22073844768641712, 0.22911721006918606, 0.2462977604422892, 0.23629343111111648, 0.25130409131575693, 0.2534424492260225, 0.25693111496506676, 0.24283221563991392, 0.181217495608962, 0.1905956155784868, 0.21119581929688172, 0.21351630176238257, 0.1809886377538621]
CIE Y binary:
[47.56046257342825, 44.714303250674824, 50.27319781215752, 51.10504023763918, 54.44327902604529, 51.787205929986015, 53.2894249031115, 51.918233773109385, 59.42750632354655, 55.40014835899351, 57.43682707167938, 56.81985784248567, 54.01908091055854, 58.24762580832703, 50.82288155372414, 54.092529550597035, 58.28852032381178, 59.88311150901156, 56.98522927682887, 61.03657522806082, 58.590904338981765, 57.39940240163419, 59.33082365267347, 61.90278832376351, 59.55676002676563, 60.74908543615856, 61.143552936459024, 61.24675379714539, 59.56088313077625, 51.499273197925575, 52.30941354103439, 58.38067356891943, 58.85183843175939, 48.31965546593018]
lab b Y binary:
[20.911691320024538, 19.78485335507241, 24.862385046481922, 24.912711805170648, 27.361580292773116, 24.704299120885683, 25.6817283974274, 24.484910865001027, 29.23120653338981, 26.291037602474, 28.6308349027994, 28.956597576723926, 27.155586410264643, 30.656769893921403, 25.699927359318647, 27.413872386411402, 28.286701719143934, 30.52396099625975, 28.25656034364357, 32.45723310109848, 30.317680573545605, 28.39695741790165, 28.560297019172143, 31.042842879020885, 29.67137721272842, 31.399894877098617, 31.384451244735065, 32.002666749207336, 31.100851143290235, 23.383989087997705, 24.45105282364071, 27.41069473291219, 27.62557830015097, 23.325404256728387]
HSV Y binary:
[0.1861745341223306, 0.17853302144062191, 0.2220080082225159, 0.2112267132145042, 0.23584398737179302, 0.22457523066113655, 0.22581007670220915, 0.21815919192670968, 0.257236906593999, 0.2379914131216247, 0.2575660298217668, 0.2717253946667604, 0.2453759672056531, 0.2863257265362713, 0.22782462455798624, 0.2400270149325205, 0.2692881752497601, 0.2824672555321553, 0.26884018307057794, 0.30115223296874416, 0.2803934903050235, 0.238916026674434, 0.28735719100794277, 0.28741695405953566, 0.2753655157644979, 0.3050852195529761, 0.3118336836729215, 0.307440622209523, 0.2653665901715706, 0.20509383716086976, 0.21184828295921235, 0.23980844347402916, 0.24036890045425655, 0.19581943511815433]
area/perimeter:
[75.86469729405025, 82.40673815759152, 79.60312692601224, 69.27517123701762, 66.84497894733946, 81.51637085688277, 76.78649509420988, 85.54463774642451, 99.82293368663272, 70.65998658950906, 70.89435827914687, 81.41634865268982, 82.80565813007149, 72.408027989935, 74.3575382677428, 67.4234805962603, 76.08219385083666, 69.28231048605774, 76.11410031333796, 58.471709453563875, 68.01375337500558, 59.646403735325116, 90.00288834992057, 67.95949250328052, 88.26895834482485, 96.5497256379847, 81.87200635024338, 64.71820061437857, 67.99129270245504, 77.9201793780738, 86.52312534463191, 63.8213255702675, 70.46551500472292, 88.84692462813686]
Convexities:
[0.9382700225643252, 0.9686457394958615, 0.9558793362978194, 0.950502605345822, 0.9638146835305935, 0.9680496788127452, 0.9577369066765345, 0.9752832342365231, 0.9383391065748462, 0.9684090583580743, 0.9700957124003006, 0.9320431232278966, 0.9266302569551096, 0.9181244492960418, 0.9454281635130455, 0.9155882747557276, 0.8792696095971491, 0.9349923775410389, 0.9420803108455287, 0.8179675654521521, 0.9182418285323237, 0.9407519668216582, 0.9635480300455296, 0.9368004044116303, 0.9544143274117356, 0.9548457582309311, 0.9582766741232503, 0.932896909470445, 0.9260455692127145, 0.9600094931371103, 0.9639996329908873, 0.9455674759929218, 0.9495940515464734, 0.9505145078938718]
Mean curvatures:
[0.2656572606413016, 0.23020129594987426, 0.2515370804087695, 0.23311200267519203, 0.2332362470035519, 0.22426321948565192, 0.2582044176351714, 0.23320414096690797, 0.2696807023055002, 0.21359526048343697, 0.22859916646231176, 0.2684081287134966, 0.2581252920659775, 0.26089240331216085, 0.25277793628555106, 0.25332704175001625, 0.26988386029223205, 0.24960952358576516, 0.2389839356960471, 0.26564823162682033, 0.2511084642431965, 0.256011986837487, 0.25488786962182647, 0.2750311287336961, 0.26851773409013496, 0.246840875902474, 0.24821818569909923, 0.2342175384451712, 0.2539645849981755, 0.2464385344819461, 0.253719660745077, 0.27206875360815325, 0.2433158429123811, 0.24099104243294991]
Max curvatures:
[1.0, 1.0, 1.0, 1.0, 1.0, 1.0, 1.0, 1.0, 1.0, 1.0, 1.0, 1.0, 1.0, 1.0, 1.0, 1.0, 1.0, 1.0, 1.0, 1.0, 1.0, 1.0, 1.0, 1.0, 1.0, 1.0, 1.0, 1.0, 1.0, 1.0, 1.0, 1.0, 1.0, 1.0]
Skewness curvatures:
[0.5369026045826458, 0.7682668997783599, 0.6402261883646111, 0.7603376685463703, 0.7611763090428947, 0.8022544303581146, 0.5717976470040647, 0.7419242284662209, 0.5070643895323786, 0.8721898809859525, 0.7759981175355322, 0.5241701342603674, 0.597975489094538, 0.5849889430551394, 0.6280410679772016, 0.6087632661089413, 0.524335397035103, 0.6613454386694787, 0.7169240900122822, 0.5434467106727847, 0.6479911769774411, 0.5881711415691415, 0.5953045739878039, 0.4610992084917379, 0.5309739863351831, 0.6608667554884753, 0.656136344562035, 0.7394449802837506, 0.6168081341980994, 0.6614740373895246, 0.6235703823474689, 0.4929792120116195, 0.6806514064567427, 0.710959478090917]
Kurtosis curvatures:
[-1.6815843051001163, -1.3784549383645104, -1.542592649989059, -1.3757333817039663, -1.372408360351755, -1.3342637402905122, -1.6577738180520831, -1.4257881795903375, -1.7189050816730056, -1.2254753087727757, -1.3707085389635538, -1.689840174433488, -1.5953509386321023, -1.6055268976925992, -1.5631481124843742, -1.6065433035048509, -1.6785864685009346, -1.5047963110569078, -1.4448240788290767, -1.6665803827708823, -1.5266406114995774, -1.6356110600594087, -1.6271994993406824, -1.7801720022769683, -1.6736690007643402, -1.527509145580045, -1.5285706548806528, -1.4238324479113496, -1.5815790721994156, -1.5292039543367166, -1.5668826880520619, -1.732265984388454, -1.505024459606132, -1.4444321015611818]
RMS curvatures:
[0.4351349257737397, 0.4051388698596663, 0.4244857178193032, 0.40856483566957014, 0.40879812006045185, 0.39937156284834674, 0.4281325881649492, 0.4073480726308456, 0.4380432841845521, 0.3893206914523356, 0.4034908648888851, 0.43769879123512356, 0.4299726169476366, 0.43260199071008143, 0.42521080253482507, 0.4245032929027515, 0.4395966646898735, 0.4235203089542754, 0.41337918784232053, 0.4356124185923348, 0.42450416319583584, 0.4264916096039942, 0.4255530593949761, 0.4413939543882939, 0.4383518415472693, 0.41978814670145714, 0.42126974860562716, 0.4085491588741192, 0.42593274920160307, 0.41929759576637377, 0.4261171545289937, 0.44001861393383185, 0.4165422699877735, 0.415658331879305]
Norm curvatures:
[0.3162377190701183, 0.26115216370824007, 0.2894844843625786, 0.26561604230137487, 0.26495083166556155, 0.25585182418128316, 0.29541179945838036, 0.2649927418729213, 0.317542255192601, 0.2414757794007423, 0.25801112233380274, 0.3128088555337934, 0.2969844980298758, 0.30201677046927483, 0.2895877769261226, 0.2900981496960184, 0.3111738329625989, 0.285335453045405, 0.27150851095191, 0.30535627458729514, 0.28851642602994365, 0.29711553355820697, 0.29110680132075784, 0.3222717360894118, 0.3119807789033869, 0.28331283868857343, 0.2869171850850946, 0.26530410512208497, 0.29211354527429173, 0.2818642130100727, 0.2924529212917511, 0.31318519644065484, 0.27749965959502687, 0.27443666259963745]
Radius of curvatures:
[1.4085566244954657, 1.408267913152429, 1.4048859842379213, 1.4051661626251548, 1.404721959202309, 1.4100961313355893, 1.4114195417162785, 1.4097676207376055, 1.4097856234167259, 1.411698095395121, 1.4091095089978816, 1.4075110775450517, 1.4050088165425818, 1.4038904829370056, 1.4059841538491262, 1.4099568222064152, 1.4052089197128106, 1.4025865150082362, 1.4062199673097546, 1.4069466577700585, 1.4035751030246562, 1.4108143889421323, 1.4108183692388896, 1.4129311674431475, 1.4056436265998586, 1.4073640778778045, 1.4062894768320444, 1.4086511600135638, 1.406921070077794, 1.407875461058655, 1.4055912983769856, 1.4096546080702466, 1.4081886378294863, 1.404300759171004]
Pigmentations:
[51.19972403072342, 39.178964810975174, 27.811514656078476, 23.127512414282336, 25.61106438274061, 27.34707595787587, 37.42738440760434, 31.230016638424793, 8.731749582939981, 38.669407713035504, 26.857639548580764, 21.66607138407356, 13.343714654389625, 18.614804350026628, 23.89263940651927, 27.80306527559782, 28.966568081177797, 29.115887766822297, 27.922295314327453, 30.50821337930835, 21.53029031231005, 16.04761563968606, 25.43976258568903, 43.211490204490914, 27.52026243978658, 19.764882287091464, 18.049414498374304, 27.50381856988236, 38.783130381884355, 48.28754984492689, 41.05099827298963, 58.4383925675605, 58.264487136717754, 35.02912155431297]
