Filenames:
['B9HD3P1-01.png', 'B9HD3P1-02.png', 'B9HD3P1-03.png', 'B9HD3P1-04.png', 'B9HD3P1-05.png', 'B9HD3P1-06.png', 'B9HD3P1-07.png', 'B9HD3P1-08.png', 'B9HD3P1-09.png', 'B9HD3P1-10.png', 'B9HD3P1-11.png', 'B9HD3P1-12.png', 'B9HD3P1-13.png', 'B9HD3P1-14.png', 'B9HD3P1-15.png', 'B9HD3P1-17.png', 'B9HD3P1-18.png', 'B9HD3P1-19.png', 'B9HD3P1-21.png', 'B9HD3P1-22.png', 'B9HD3P1-23.png', 'B9HD3P1-24.png', 'B9HD3P1-25.png', 'B9HD3P1-26.png', 'B9HD3P1-27.png', 'B9HD3P1-29.png', 'B9HD3P1-30.png', 'B9HD3P1-31.png', 'B9HD3P1-33.png', 'B9HD3P1-34.png', 'B9HD3P1-36.png', 'B9HD3P1-37.png', 'B9HD3P1-38.png', 'B9HD3P1-39.png']
Areas:
[228843, 205593, 255781, 257669, 206446, 212943, 279193, 273237, 266126, 200389, 243349, 244812, 230843, 192011, 284341, 218513, 246957, 186249, 231453, 240628, 73347, 218186, 223155, 276890, 243646, 212003, 204484, 293133, 233634, 269339, 225368, 83199, 211104, 199890]
Perimeters:
[3009.564717350316, 2901.96673760387, 2917.7413408594534, 2886.493649538451, 2946.2510088513313, 3139.3880938411794, 3281.963779011039, 3136.098771959834, 2942.0916292848974, 3003.3809511662425, 2974.434775035405, 3090.1921343482854, 3301.110965268653, 2857.0794359760775, 3068.51803615609, 2918.358656589656, 2726.3687578574227, 2936.6946596652274, 2832.895669792004, 2878.618541219478, 1532.874241767195, 2696.5769106591356, 2889.4469683442244, 2792.5525240414963, 3100.5495654486663, 2928.275395468971, 2978.795164728616, 3126.032754781852, 2887.6997102991113, 2997.512985522207, 2988.4591616530447, 1228.8742417671947, 2972.559666716433, 2941.3220766631966]
Minor axes:
[261.4486902413868, 270.01394673463125, 281.93746884377003, 292.7084798001758, 293.0067411291085, 286.24579720160943, 322.34223738813625, 304.96154172416846, 296.04481311042895, 269.4738285802094, 277.1752106575749, 248.29197309617965, 283.833465680805, 269.97086042124766, 278.2370063811786, 334.86587650633606, 285.56794335575427, 261.96579344981507, 288.3008673984537, 286.33140412765994, 168.92988376045705, 289.75706552446394, 300.10029258221414, 308.0920321893373, 319.0272634969152, 294.7448940212127, 279.58005788343996, 307.1970138628255, 283.3727915597823, 307.15441601490363, 304.3357382971805, 260.03624130924135, 294.98990109101726, 288.12588823442996]
Major axes:
[1269.2668881280877, 1188.9671606343252, 1242.291358796996, 1253.542828185274, 1139.4801946957043, 1218.4870698721113, 1310.4636776618302, 1354.6229010071656, 1261.0218179752287, 1170.218032951516, 1294.9304593113673, 1382.691731269131, 1142.496709332078, 1133.5852821547198, 1390.493053507166, 1089.65881298079, 1169.5484524266672, 1170.389911576828, 1139.1672765705869, 1215.898591870155, 632.4061574093848, 1058.2700219252515, 1158.2142631279826, 1205.7607917279695, 1345.326598461399, 1139.717529946973, 1173.5137087140724, 1366.195267154031, 1227.2510446536392, 1277.779662185774, 1189.049236813971, 421.3430152194213, 1168.0202843647394, 1166.0574670325616]
Convex hull areas:
[257552, 245101, 265827, 294328, 260036, 276492, 341327, 341383, 305190, 235832, 300844, 274303, 253996, 238869, 310898, 290093, 256866, 227964, 258842, 278148, 82656, 242898, 271407, 290892, 342101, 257827, 261951, 338849, 270608, 321810, 286182, 87139, 263365, 267639]
Elongations:
[0.6589322235077523, 0.6301004347763298, 0.6308145118052565, 0.6221300756367489, 0.5906788624257557, 0.6195351940920486, 0.6058669175089584, 0.6332493837704164, 0.6205216043623902, 0.6257433402829182, 0.6481250622040661, 0.6963094829746046, 0.602586247600546, 0.6154969350516774, 0.6675696025208204, 0.5297235678001796, 0.6082964099662873, 0.6340010729867975, 0.5964692833550398, 0.6196580849382654, 0.5792666693879445, 0.5706038238126717, 0.5886940396359704, 0.5938116072897325, 0.6174541749397888, 0.5892386479894626, 0.6153664172699668, 0.6336530203807939, 0.6254317005456518, 0.6132004751851561, 0.5927338522535016, 0.23729725419293501, 0.5966708245552402, 0.6038058693688481]
Roundnesses:
[0.3109885538281469, 0.29895277194018016, 0.37020936218749495, 0.3814729717869508, 0.2845595311794957, 0.2638419766529253, 0.31676999219235963, 0.34045627140340634, 0.37618204847001896, 0.26499322282524124, 0.34089833780565054, 0.30414483206938736, 0.2527663312047072, 0.28783816031127263, 0.3609205855534926, 0.31630679887664453, 0.4103041444934527, 0.2611982608401412, 0.3575350786802477, 0.3546054332026703, 0.3746783222088347, 0.36350427622790954, 0.3270991927484674, 0.4385838992605597, 0.31304255378256723, 0.30081571611341434, 0.2816151705811861, 0.35810831443826174, 0.32764978618817436, 0.36463230923876844, 0.30421702904692477, 0.6642723059423747, 0.28590992813345495, 0.28466341769124925]
Eccentricities:
[0.9786372124712087, 0.9739138053406208, 0.9740388205329898, 0.9724894925153154, 0.9663249669048201, 0.9720141715809961, 0.969413501217954, 0.9744619382808822, 0.9721955384585058, 0.9731418058585872, 0.9769430324197506, 0.9838435904605409, 0.9687644467816453, 0.9712629102364204, 0.9799283047903182, 0.951572068407539, 0.969887874489203, 0.9745915794566496, 0.967527840076432, 0.972036812581973, 0.9638596418522103, 0.9619016817785743, 0.9659052994580287, 0.9669796880610704, 0.9716287931010938, 0.9660208274268249, 0.9712383927419102, 0.974531609512566, 0.9730859796127336, 0.9708293463519732, 0.9667554980441029, 0.787412496662844, 0.9675691377228973, 0.9690068838813705]
Solidities:
[0.8885312480586445, 0.8388093071835693, 0.9622085040270552, 0.8754484792476421, 0.7939131504868556, 0.7701597152901349, 0.8179634192431305, 0.8003825615218099, 0.872001048527147, 0.8497108110858578, 0.8088876627089122, 0.8924875046937146, 0.908845021181436, 0.803833900589863, 0.9145797013811604, 0.7532515434705422, 0.9614234659316531, 0.8170105806179924, 0.8941864148785745, 0.865107784345025, 0.8873765969802555, 0.8982618218346796, 0.8222153444826404, 0.9518652970862038, 0.7122048751684444, 0.8222684202973312, 0.7806192761241606, 0.8650844476448212, 0.8633669366759298, 0.836950374444548, 0.7874988643590443, 0.9547848839210916, 0.8015643688417216, 0.7468642462421397]
Curvatures:
[803.131167804187, 765.2905473706212, 698.9646455628167, 763.5331880577404, 791.6753236814715, 868.6997102991108, 843.0722933011414, 892.1555544218267, 782.6753236814714, 833.4154390516491, 796.131167804187, 841.55757467538, 823.716954241814, 754.2194795587557, 843.7585848021567, 829.0012254892758, 728.5209947489207, 784.8468965567251, 753.8052659963826, 727.1778489984131, 438.5777772109133, 769.9474016201135, 826.1727983645299, 719.8641404994283, 217.78888860545666, 825.302740679441, 785.5037508062176, 62.22539674441619, 742.3910524340095, 887.7413408594535, 861.9007204258876, 379.76659402887026, 869.0134187980957, 786.5748186180831]
Curvature Stds:
[0.3357146102710782, 0.3359722400447635, 0.32604678803011494, 0.3349491980534183, 0.3385816549464553, 0.339097760198022, 0.33848059831003346, 0.3403374774234031, 0.33580209284938123, 0.3393371958900528, 0.3340360450153208, 0.33899205123919235, 0.3423558433936247, 0.33488202784976373, 0.3399211825775401, 0.3396956019030549, 0.3366574318265704, 0.33809840651183465, 0.3353179420770664, 0.330307744614588, 0.339328601595342, 0.3407306339357635, 0.34014108329595927, 0.33334254970007204, 0.342520767683998, 0.3423512442846955, 0.3352560107007155, 0.3513641844631533, 0.3331777632925498, 0.342636321570882, 0.34357398065361583, 0.344694863645603, 0.3415370383809756, 0.33555108091506847]
BBARs:
[4.28476821192053, 3.8270440251572326, 4.022653721682848, 3.6726726726726726, 3.6205882352941177, 3.866863905325444, 3.5, 3.7363896848137537, 3.824074074074074, 3.908517350157729, 4.177049180327868, 4.538194444444445, 3.894904458598726, 3.741214057507987, 4.137380191693291, 3.1176470588235294, 3.689873417721519, 3.967948717948718, 3.717391304347826, 3.617021276595745, 3.4105263157894736, 3.5955414012738856, 3.432664756446991, 3.66875, 3.2114882506527413, 3.5386904761904763, 3.7378048780487805, 3.848396501457726, 3.72782874617737, 3.5413105413105415, 3.4828571428571427, 1.5808823529411764, 3.5128205128205128, 3.613981762917933]
Frechets:
[125.51195162214633, 137.50363631555348, 140.6742691468486, 140.53202481996763, 137.95742096748546, 136.61350592090082, 140.20074892809953, 131.93653777479534, 136.3277301212046, 132.8730597224283, 129.6196358581523, 127.09150246967734, 135.5332062632623, 131.4771843324917, 132.02367211981343, 140.91930314900085, 140.8554223308425, 128.76431959203606, 143.3954322842956, 129.74686894102686, 83.91811485013233, 131.21451901371282, 141.5, 143.84801006618062, 934.2988012408022, 139.2345143992681, 131.45436470501843, 1210.2343781268155, 136.59154439422667, 138.79211072679888, 136.8256189461608, 126.59482611860565, 139.20578292585407, 138.49277959518324]
RGB Y:
[0.1892107133929163, 0.18306068445094537, 0.17023212650907105, 0.18995937230985285, 0.18240362390089374, 0.19408926837297116, 0.15126219700520338, 0.15806474491141617, 0.20091210869857962, 0.22286343098595948, 0.1842542618387112, 0.19011525703745324, 0.20735428784542914, 0.19465541651843482, 0.19222982083801943, 0.20515598330435583, 0.18906348848376842, 0.22858195458219036, 0.21349813172653362, 0.1859512373493646, 0.2613741017317593, 0.1762671879359063, 0.20279737087207667, 0.19977797156291074, 0.19460088798685649, 0.21229541214362846, 0.2268036549835819, 0.18421814645490597, 0.2445964023179848, 0.2023723159941905, 0.22329322875139337, 0.26129573579428733, 0.19796020931300626, 0.20380058256729133]
CIE Y:
[50.76896463771458, 52.73852029363288, 49.66945917579641, 51.28525664381441, 50.165955910276736, 52.42398758452586, 46.32269262681631, 47.33163328082028, 52.5074975130444, 56.14977282426557, 53.16977161814834, 54.96635303503981, 57.53257947641175, 51.61185545593052, 48.25965185316448, 60.10652892817451, 55.73304773434067, 57.644693953630906, 57.19624008354331, 52.050502339328865, 58.49551967280836, 51.31824719768937, 60.053650586212974, 55.406082151574424, 55.666342609986096, 57.881029891104845, 57.924605189179594, 52.148028169649685, 62.737239390502126, 56.25355085273592, 60.79858109743191, 65.11607032943861, 56.463775181634794, 57.26156253876409]
lab b Y:
[24.275247983564526, 23.98644558540963, 22.0323365067583, 24.334037335160634, 23.538989982098286, 24.745027686985146, 19.710361637947198, 20.602920916265905, 25.375087639408353, 28.17425907352974, 23.82070237107476, 24.245635400527807, 26.505392020833316, 25.137276802807303, 24.051208109682577, 26.63506871150873, 24.160628136100534, 28.932032339645485, 27.1319110783065, 23.755663718407543, 32.65680252308787, 22.94137589008516, 26.09111577030999, 25.33778584742876, 24.71756119241892, 27.126637153242637, 28.75916482101306, 23.493101634264086, 30.922713531286636, 25.60171110397159, 28.932800965478517, 32.033584815134226, 25.778197598888948, 26.376669052163344]
HSV Y:
[0.22118409180857593, 0.20710901131826676, 0.20063548468458367, 0.21867682827780804, 0.22457037320580917, 0.2466149082958874, 0.18077713214536736, 0.18357603111656742, 0.24192490120156476, 0.2725667033076847, 0.2115077608349921, 0.23994174985382552, 0.2492927049329811, 0.23536048428699693, 0.23294713113010931, 0.24927383379605522, 0.23834160872875418, 0.27827626205482525, 0.26687623640767144, 0.2224096604531667, 0.29352115130722933, 0.20580452687055137, 0.2507045896843053, 0.24401294416753136, 0.24336538201752414, 0.2625315732433372, 0.2680118548103498, 0.22000170637133654, 0.28139503249930015, 0.24966748854304766, 0.2673933274145068, 0.3283494598302609, 0.2358700610455944, 0.24317883067368573]
RGB Y binary:
[0.20977450716225293, 0.2083788016408839, 0.17465739229680596, 0.19759746610262507, 0.21745024391797435, 0.21572588958289426, 0.15694419897726755, 0.15685342001145097, 0.2157692945342266, 0.2528625442786272, 0.19382069832271395, 0.20481781429509258, 0.21752070637376322, 0.21902875535763774, 0.20565443384505802, 0.2232273397586481, 0.19216527104959633, 0.2671868725176113, 0.23680822070654867, 0.19740276216233443, 0.26714343662467477, 0.1897164521698489, 0.21240470810951792, 0.2034647650092466, 0.2100512386538211, 0.24013436961790124, 0.24748925805816827, 0.19181813728741334, 0.25404154245134386, 0.21144698087959388, 0.25634491681799565, 0.26131533122391926, 0.22293263383970535, 0.233314722658614]
CIE Y binary:
[52.42467033167036, 53.114951729199674, 47.40965435193437, 49.42854430841385, 55.28642421744368, 54.25879708682204, 45.09154473867512, 44.77724511433491, 53.64497193027591, 59.580090119540614, 51.49009468691468, 54.787731677986734, 56.024819182815, 54.83050111134583, 49.598684605075114, 59.8268545071416, 53.224602789904026, 61.68401163131387, 57.7553645230651, 51.82833411892136, 59.127025463063106, 51.21614707887572, 57.98643192948162, 54.76218370274677, 56.109223524563966, 60.47848998091979, 59.42120389209818, 51.031069401305274, 61.70070321392391, 55.17841336764367, 63.90764242183321, 65.11869316702118, 57.56455794402276, 58.47006334411578]
lab b Y binary:
[26.800983390111035, 26.894714641357428, 22.40519388295179, 25.023724201803084, 27.996370415919444, 27.38030955357349, 20.347383930372636, 20.26215698859293, 27.13419093421225, 31.837341565520664, 24.7187414677786, 25.95483896749925, 27.52986349012431, 28.186860523764672, 25.6809314872661, 28.678971872713383, 24.21669935434695, 33.60631624367315, 29.83721638286577, 25.029624971742773, 33.37146505496724, 24.453060480597042, 27.030894228663605, 25.662938358680016, 26.476226619431667, 30.51678363210316, 31.217761896506534, 24.265672752995517, 31.90891512349717, 26.504690650155382, 33.017257277146584, 32.0358858972687, 28.760874596134872, 29.882910581488282]
HSV Y binary:
[0.22850124588103501, 0.22462421681186123, 0.19533929733353192, 0.21740471265057934, 0.23835029270575614, 0.24719038835960422, 0.17289724482001176, 0.17398122037896527, 0.24769633060650048, 0.28401349269170156, 0.2152808462850569, 0.23634395319487997, 0.25044910801762277, 0.24303223465274396, 0.2349921389477986, 0.2512890028189422, 0.23701086815609854, 0.297268421704752, 0.27270544915894224, 0.2273035157440577, 0.2956731468075417, 0.21130485808860497, 0.24595564056121236, 0.2449094849718856, 0.25056089448644037, 0.27113639009968155, 0.27792158666582123, 0.22014373606659982, 0.28497136488741087, 0.2512072581650074, 0.27775432266050043, 0.3283714285205314, 0.24665195366804007, 0.2556697002284322]
area/perimeter:
[74.96930534450588, 69.65185073147005, 86.52312733047242, 88.15671916180959, 68.08911395496276, 66.57814682400442, 83.60085024970083, 85.74805108760327, 88.9703620824352, 64.71685149796048, 80.96349128156596, 76.69452087436306, 67.84944021106672, 66.03413725109162, 90.07748871873285, 73.87832288518986, 89.51009655922992, 61.93901491896752, 80.86412021238542, 82.11373855447006, 46.47405574466401, 79.1505599524357, 75.92681780659626, 98.01829917753017, 77.61321637698742, 70.9478354228538, 67.40843315835254, 91.1061955441138, 77.76314114712291, 88.11130070839017, 73.57388668498034, 66.01816842943472, 69.0108098575757, 67.00770966094917]
Convexities:
[0.9662173273718869, 0.9554774007249607, 0.9672676203265287, 0.9704821445973201, 0.9558113315980609, 0.9424728429907091, 0.8823682756482203, 0.9525631669005431, 0.9594894132328244, 0.9364181685288513, 0.9661982175140292, 0.9526032452122613, 0.833995911279634, 0.9358131712955851, 0.9569235683043842, 0.9300524512657025, 0.978226539765327, 0.9549923705955272, 0.9642549573037011, 0.9460901623459341, 0.9791082753268007, 0.9605429160057907, 0.9559622536346155, 0.9690038269712163, 0.9230570004232227, 0.9331443876605056, 0.9422956651386584, 0.9643868114694062, 0.9653823035137404, 0.9548115767357425, 0.9421493372727463, 0.9642287486012869, 0.9535367474840879, 0.930536066702418]
Mean curvatures:
[0.2373319053794879, 0.23554649041878153, 0.2148677053682191, 0.23493328863315088, 0.24019275597132023, 0.24442873109147745, 0.24345142746206797, 0.24920546212900185, 0.23560364951278487, 0.2475246329229727, 0.23512438505734998, 0.24890788958159715, 0.2487819251711912, 0.23393904452815, 0.2432983231840129, 0.24984967615710543, 0.2370715895701011, 0.240234740298967, 0.23475716785935302, 0.22292392673157974, 0.25176680666527745, 0.25006411225076763, 0.25126909925928526, 0.22918310744967474, 0.2659204989077615, 0.2476155837622085, 0.23412928489007975, 0.3142696805273545, 0.23257865051190774, 0.2579893463700824, 0.25327673242018445, 0.26857609195818266, 0.25664897188366675, 0.23713440416583753]
Max curvatures:
[1.0, 1.0, 1.0, 1.0, 1.0, 1.0, 1.0, 1.0, 1.0, 1.0, 1.0, 1.0, 1.0, 1.0, 1.0, 1.0, 1.0, 1.0, 1.0, 1.0, 1.0, 1.0, 1.0, 1.0, 0.7071067811865476, 1.0, 1.0, 0.7071067811865476, 1.0, 1.0, 1.0, 1.0, 1.0, 1.0]
Skewness curvatures:
[0.7168074937057457, 0.738823876476962, 0.8629474592178537, 0.7339743056897994, 0.7183278698207253, 0.6803476510081328, 0.6835665090071437, 0.6459245041014862, 0.7363123055567594, 0.6517198432335297, 0.7215051947919786, 0.6340948450594929, 0.6716808936168381, 0.7440168880279573, 0.7007775197076213, 0.6325296213402984, 0.7301050764108792, 0.7126275566923073, 0.7400323304140695, 0.8161256874310345, 0.6095888667750541, 0.641719540922566, 0.6234555235026592, 0.7791900758621374, 0.5116938880994241, 0.6831469736894644, 0.7461481866228279, 0.22360679774997885, 0.7395149096529913, 0.5860784662905367, 0.6407758244039377, 0.5115548238695848, 0.5868286435331808, 0.7170754300641833]
Kurtosis curvatures:
[-1.4589586080534553, -1.4142690255876267, -1.2414960269427011, -1.4327085967482296, -1.4313941882086747, -1.4967594913168119, -1.4962987226338782, -1.5465649671803186, -1.4206216335597057, -1.5453810920531659, -1.4653693070177203, -1.5790456448388441, -1.4852403881675227, -1.413634611389047, -1.4528796729702744, -1.575245344160048, -1.4252178540439953, -1.446076400517261, -1.4176076651726006, -1.3059656044919632, -1.6173707126973125, -1.550337296950382, -1.58654958590825, -1.356550403397078, -1.7381693648816943, -1.4652214604151752, -1.4061604073054323, -1.9500000000000004, -1.4380619407369657, -1.6249219696236818, -1.5282203849490268, -1.717241577213518, -1.6337424091697523, -1.4599234803182477]
RMS curvatures:
[0.41113347329124167, 0.4103163355623333, 0.39048001074953703, 0.4091266495654072, 0.4151266036854042, 0.4180104012513385, 0.4169385002199207, 0.4218210057522679, 0.41020985510561253, 0.42002163803568077, 0.4084893582678434, 0.42056004125370705, 0.4232020437068378, 0.40850146772259416, 0.4180197177515264, 0.4216846720336053, 0.41175376742096287, 0.41475687207369316, 0.40932755849092706, 0.3984950228820965, 0.42252860826112304, 0.42264574425638296, 0.4228854653311239, 0.4045270722471293, 0.433629090391994, 0.42251372970020573, 0.4089170022805342, 0.47140452079103173, 0.406325301484619, 0.4289034293405536, 0.42683976310509886, 0.43697558993059443, 0.4272191982518941, 0.4108859373869561]
Norm curvatures:
[0.26911678671833456, 0.2672681562189347, 0.24149469455982236, 0.2678210677869029, 0.2731171980675461, 0.2793424225813276, 0.2828968368698976, 0.2869722871532793, 0.269283932666981, 0.2795950050219323, 0.2678007429431197, 0.2832785206821342, 0.28425116611766477, 0.2669337018973511, 0.27780114574426856, 0.2891757607031186, 0.2693283686727474, 0.27288497450931376, 0.2665214552453386, 0.25593735298362486, 0.2860373569542364, 0.2892001242309089, 0.2890877988039138, 0.26120204234587474, 0.32675328097891837, 0.2840773479588625, 0.2645345153499776, 0.3790863489297654, 0.26121087061328907, 0.29909427180999043, 0.29147366223919136, 0.3147776015372446, 0.29516660525964244, 0.26967635752810964]
Radius of curvatures:
[1.4090817129277646, 1.406500088213447, 1.4116929930280258, 1.4088141304613417, 1.4037460716272046, 1.4063982121396403, 1.4072167116573333, 1.4072714356294118, 1.4070524543793836, 1.4085587697127115, 1.411631643462488, 1.410721036552074, 1.401246876942285, 1.4079612821863314, 1.402980652207045, 1.4095993581649973, 1.4061076218178488, 1.4051761755576821, 1.4075642417306564, 1.4089498514142973, 1.41220606530182, 1.406933212988184, 1.4095834881591223, 1.4072485469820544, 1.414213562373095, 1.4001785242040676, 1.4070784239459972, 1.4142135623730951, 1.4114442262349751, 1.4082393283004062, 1.4018284392456604, 1.4103424075845614, 1.4101526450949275, 1.4093492657959945]
Pigmentations:
[24.766324250717222, 41.39168778111681, 29.07258000976978, 26.736385316079595, 32.71469414439468, 31.152500485278313, 37.15103226341186, 29.675644217877508, 17.344435667066058, 25.45613867219959, 31.280831972212457, 32.794860291969, 27.946245778578803, 27.155403628714172, 15.10040985057089, 46.82040981794059, 30.737482837155675, 32.035963819530956, 30.60116427411384, 22.439670086164647, 3.1744067750006875, 29.393419328646036, 39.605099853322805, 15.624681915342222, 25.2541348653168, 30.35984578037984, 19.425163653597416, 22.329980390608096, 21.138193848370218, 23.50997832423948, 41.356256396276414, 0.012132535821312013, 39.40384532668072, 36.832322293553425]
