Filenames:
['B5CD3P1-01.png', 'B5CD3P1-02.png', 'B5CD3P1-03.png', 'B5CD3P1-04.png', 'B5CD3P1-05.png', 'B5CD3P1-07.png', 'B5CD3P1-08.png', 'B5CD3P1-09.png', 'B5CD3P1-10.png', 'B5CD3P1-11.png', 'B5CD3P1-15.png', 'B5CD3P1-17.png', 'B5CD3P1-18.png', 'B5CD3P1-19.png', 'B5CD3P1-20.png', 'B5CD3P1-21.png', 'B5CD3P1-22.png', 'B5CD3P1-23.png', 'B5CD3P1-24.png', 'B5CD3P2-01.png', 'B5CD3P2-02.png', 'B5CD3P2-03.png', 'B5CD3P2-04.png', 'B5CD3P2-05.png', 'B5CD3P2-06.png', 'B5CD3P2-07.png', 'B5CD3P2-08.png', 'B5CD3P2-10.png', 'B5CD3P2-11.png', 'B5CD3P2-12.png', 'B5CD3P2-13.png', 'B5CD3P2-16.png', 'B5CD3P2-17.png', 'B5CD3P2-18.png', 'B5CD3P2-19.png', 'B5CD3P2-20.png', 'B5CD3P2-21.png', 'B5CD3P2-22.png', 'B5CD3P2-23.png', 'B5CD3P2-24.png']
Areas:
[367020, 314922, 294202, 247499, 349533, 186401, 357425, 200510, 350139, 262508, 286884, 241756, 321514, 168604, 229541, 179184, 210852, 201618, 128411, 294131, 106353, 238628, 241021, 188007, 344071, 206145, 356029, 343693, 237393, 240012, 370711, 147037, 87350, 232669, 380231, 293821, 216239, 216207, 256892, 338757]
Perimeters:
[3038.576910659136, 2924.5352800987935, 3085.630734528299, 2795.2804461028545, 3165.8561312727143, 1872.8052659963823, 3105.6063479106588, 2680.6113985445418, 3318.233764908628, 2949.824601980139, 2886.1748904055826, 3020.826694021192, 2949.7068529740473, 2074.594154601839, 2398.829652614022, 2684.7850634608494, 3005.422581726585, 2750.358656589656, 2085.734198184517, 3061.179941039466, 1712.5352800987935, 3214.2510088513313, 2762.0256121069156, 2929.1799410394665, 2902.292639411674, 2973.079435976078, 3104.7018023401642, 3112.8367952889585, 2715.3393206059004, 2822.944443027283, 3184.6012972767753, 2262.9961748553924, 1636.2854967367377, 3111.782971419796, 3474.466304327981, 3102.2825381439075, 3010.008368164212, 2921.9839815465725, 3301.5546160825493, 3957.3262607453034]
Minor axes:
[365.22809994839105, 325.2791216255198, 305.5817613443305, 281.77307222267336, 349.3835217742598, 340.8865542327031, 340.4155702708497, 254.50109074538653, 362.67132972339425, 300.51848373546966, 325.51116902357575, 299.8583767712568, 327.8974768725743, 318.5591574724119, 288.8829308979209, 286.28520647165215, 285.1445470796899, 256.44427110165327, 228.1463421607042, 322.41457808408336, 371.16910049469743, 303.01441842227973, 299.84200024529616, 265.951613606534, 362.3833966352647, 286.760792834771, 359.27362121131057, 351.94348842667324, 287.048261273007, 275.9033776584601, 356.6542056762364, 255.11327079977156, 320.1266511257625, 289.3056145849181, 349.49760459344174, 338.87276715351874, 284.8064013961848, 287.044175170205, 315.790965310233, 372.3827042376069]
Major axes:
[1289.666900871859, 1260.982407615743, 1330.5104745684896, 1224.5829803470647, 1341.9026291699201, 708.7260080557554, 1347.1221327129508, 1126.7752349537081, 1290.875407509716, 1174.5242888385312, 1198.3059704154023, 1187.6502543158304, 1290.5125156482363, 700.4970827586528, 1036.9538499485332, 1012.874535251739, 1169.2671607971108, 1116.23433109202, 789.6198850058214, 1245.868855934235, 411.4841850748653, 1157.2960819405455, 1117.6095213019933, 1128.9163898952545, 1229.5614940802893, 1153.5085470129454, 1305.1149620405706, 1295.3391882764338, 1103.4428450514908, 1195.1506088503238, 1355.6294424357664, 849.1466723985707, 452.7967112855315, 1240.7350649978723, 1421.2529535103554, 1306.855048818394, 1084.3365675340494, 1129.1291072708764, 1343.6174053430807, 1318.3649600564843]
Convex hull areas:
[376645, 327434, 322934, 275968, 381906, 193399, 366662, 234925, 377189, 291038, 322534, 287415, 333171, 189589, 241450, 254038, 263034, 243857, 152240, 325464, 125751, 295065, 277652, 238242, 356050, 264682, 382723, 366561, 255040, 272187, 386608, 175332, 114868, 281634, 410029, 371347, 256220, 254590, 324247, 373065]
Elongations:
[0.5592987316619745, 0.5906827163938788, 0.6272145375111404, 0.6266688550079688, 0.5876169101732083, 0.35116886630377825, 0.5973093694555647, 0.6321674077017327, 0.5618185305827015, 0.5931488145279962, 0.5733990962911262, 0.5971719259927524, 0.5955943255887385, 0.3750705459430863, 0.5652429999417522, 0.5594220770550627, 0.6079853911933311, 0.6273458601652209, 0.5517047878912444, 0.5894135592120374, 0.05341028398509372, 0.5850267447694328, 0.5776348621499363, 0.6188774701725234, 0.5454742333723801, 0.6020149253139089, 0.5690390588433216, 0.5731965378391688, 0.5876771568113761, 0.6259706674765716, 0.5841005545621192, 0.5387467434865119, 0.17314712525882595, 0.6219085016728195, 0.6059596759826595, 0.588856942440081, 0.5845893567653744, 0.5948564944108397, 0.6201275433572985, 0.5601334128477028]
Roundnesses:
[0.4944089650949307, 0.45628917265541263, 0.37976418418046803, 0.38760409562138404, 0.43120585453498467, 0.6574004946365406, 0.4589125678619004, 0.34601355045545507, 0.39219339715784846, 0.37411291001265207, 0.42630662998343605, 0.3291927203333364, 0.4567052323737383, 0.48663500610224125, 0.49407826771862917, 0.3073359877137953, 0.2880631902694912, 0.32968270090802065, 0.3668266884337837, 0.38785065570078237, 0.4486845337009599, 0.28578803129543096, 0.39060142397551345, 0.27184378517373814, 0.5012468009387885, 0.283782003175069, 0.4588216901414746, 0.43734669162452816, 0.3924969415008208, 0.3700488531926204, 0.45051163316603904, 0.35705197965284097, 0.40494487610087815, 0.29709478311004917, 0.3882669041556068, 0.37984799043663203, 0.2957152215471489, 0.31378481903829114, 0.291729533146869, 0.26209459318241785]
Eccentricities:
[0.9592296341571468, 0.9663257781044623, 0.973404249788724, 0.973307118472268, 0.9656759649259491, 0.8771590909376045, 0.9676997305350724, 0.9742745208559914, 0.9598369268827955, 0.9668419470986951, 0.9625418061719485, 0.9676716532997935, 0.967348111680088, 0.8907616199259891, 0.9606514039381622, 0.9592595201434568, 0.9698274425866056, 0.9734275879509033, 0.9573577822225502, 0.9660578708328217, 0.43877804154006356, 0.9651198794794835, 0.963496628419024, 0.9718927736163333, 0.9557742970938965, 0.9686504108828263, 0.9615398316586391, 0.9624956889410476, 0.9656888218108391, 0.973182477038833, 0.9649194462789419, 0.9540149443733984, 0.7093901560648317, 0.9724491303529281, 0.969431710631062, 0.9659398860391303, 0.9650253307186469, 0.9671959919443945, 0.972123184471524, 0.9594315538548898]
Solidities:
[0.9744454327018811, 0.9617877190517784, 0.9110282596443855, 0.8968394886363636, 0.9152330678229721, 0.9638157384474584, 0.9748078611909606, 0.8535064382249654, 0.928285289337706, 0.9019715638507686, 0.88946901721989, 0.8411391193918202, 0.9650119608249217, 0.8893131985505488, 0.9506771588320563, 0.7053432950975839, 0.801615000342161, 0.8267878305728357, 0.8434774040987914, 0.9037282157166384, 0.8457427773934203, 0.8087302797688645, 0.8680686614899227, 0.7891429722718916, 0.9663558488976267, 0.7788402686997983, 0.930252427996227, 0.93761474897766, 0.9308069322459223, 0.8817908276295341, 0.9588808301949261, 0.8386204457828577, 0.7604380680433193, 0.8261395996222047, 0.9273270914984062, 0.7912303048092485, 0.8439583170712669, 0.8492360265524962, 0.7922725576489528, 0.9080374733625508]
Curvatures:
[808.3738084913065, 796.4032457428293, 866.2144289248723, 712.7930726875627, 852.9717882377531, 532.9158723275376, 810.1311678041872, 711.6925676241746, 822.2022356160526, 739.8347032479055, 816.859089865545, 855.2144289248724, 751.9768388716363, 647.5676759431467, 647.3961030678929, 826.5870119269027, 759.462120245875, 828.1727983645297, 593.4844148224613, 730.3494218736669, 264.0437226013957, 799.716954241814, 710.7930726875628, 728.76363543604, 763.1189744953674, 782.1900423072328, 835.415439051649, 733.0062761231593, 731.1778489984131, 829.859089865545, 869.5992052357226, 677.5088014401009, 519.7737367038067, 740.6631303726516, 962.5230867899738, 831.0722933011415, 749.1484117468901, 691.9940828143394, 928.8246019801387, 908.6113985445423]
Curvature Stds:
[0.3355369220203616, 0.33740612020038413, 0.3413077737561904, 0.33274838753843944, 0.33619594068062514, 0.33852167770676245, 0.33406942095676295, 0.3340231394976489, 0.33186718946598903, 0.33090512533663435, 0.3392987418989086, 0.33861283253223157, 0.33152890239837773, 0.3443401693899818, 0.33550922763813973, 0.3434357280251499, 0.33188763736530763, 0.34263025238373424, 0.3392737403259018, 0.32679302072241073, 0.3358258665764855, 0.3297836424705368, 0.3321679990229659, 0.3299963075182529, 0.3348286885369861, 0.33550229005261517, 0.33556590794255253, 0.32968727772634254, 0.33699596741780447, 0.3431206657046981, 0.3380159810054265, 0.3417776687184718, 0.34256817176467513, 0.3268317896077515, 0.33798379474303714, 0.33404100139250664, 0.3298548303395997, 0.32587380374734165, 0.3380974987202948, 0.33815381956374024]
BBARs:
[3.4037433155080214, 3.7883435582822087, 3.9848024316109423, 3.8729641693811074, 3.601092896174863, 1.9857142857142858, 3.793103448275862, 3.8156996587030716, 3.6038251366120218, 3.8359621451104102, 3.2431693989071038, 3.737609329446064, 3.852307692307692, 2.24198250728863, 3.274834437086093, 3.372670807453416, 3.7387387387387387, 3.6632996632996635, 3.524390243902439, 3.508241758241758, 0.949671772428884, 3.890909090909091, 3.2298850574712645, 3.815873015873016, 3.223404255319149, 3.6336336336336337, 3.2110552763819094, 3.781609195402299, 3.83, 3.6655737704918034, 3.7541899441340782, 3.006802721088435, 1.1494252873563218, 3.96996996996997, 3.7934782608695654, 3.389189189189189, 3.7516129032258063, 3.728395061728395, 3.386243386243386, 3.2102689486552567]
Frechets:
[184.6977260282324, 158.31061240485428, 138.73085453495918, 130.88258096477162, 167.54775438662256, 161.53095678537906, 172.64197056335982, 130.72585819186654, 181.00345300573687, 153.36313116261027, 156.42650031244705, 138.81372410536358, 154.13711428465243, 155.5, 138.5324871645637, 130.02403623945844, 135.2081728298996, 122.31618862603592, 119.44140823014438, 160.8765054319617, 225.10053309577034, 156.9593896522282, 140.12583630437322, 135.337540985493, 176.63875565684899, 142.04312725366194, 172.18086420970246, 183.59261967737157, 147.85550378663623, 130.34281721675345, 178.1747737475763, 128.16103151894495, 97.56664389021486, 141.8282411933533, 179.21565221821447, 139.3960185945065, 136.79638153109167, 142.5, 138.1638520018894, 192.56492411651712]
RGB Y:
[0.19973698354523942, 0.19040756169346276, 0.18737016906087164, 0.18893628821106662, 0.16396133661873596, 0.2326301493869497, 0.17715755417167312, 0.21953295391828556, 0.16644236980775104, 0.1913118268809769, 0.24704686258717518, 0.23780367875715824, 0.20088803192989946, 0.28507558265566485, 0.2254341849600526, 0.23622114554397425, 0.23807410744178734, 0.22322448959971336, 0.3000878346677033, 0.20616728423124944, 0.2860102367969302, 0.24217854260614805, 0.2375703634067345, 0.23114983890803792, 0.19430547359143138, 0.23522489961803505, 0.1929619354917894, 0.20010089365161854, 0.22747382055519816, 0.2287113540794734, 0.18638524875518359, 0.24187250517904524, 0.20987913369917277, 0.198626607517219, 0.16084982609937304, 0.2002575777640653, 0.22216606777320755, 0.20377163424370986, 0.20120477102763074, 0.181071233733876]
CIE Y:
[44.02680717450935, 49.3316690803832, 49.12624725021273, 44.917688155935025, 39.47041942996259, 49.11811499778306, 41.10334858153329, 48.44845558154443, 43.35869810683215, 47.462260569446585, 50.75282145068327, 49.40707101178219, 48.00264613696416, 56.9847682142418, 49.7519056382036, 53.096668428840324, 53.06613693765551, 51.02544413851048, 56.646438041740886, 49.25964246247381, 64.01900734524679, 53.52331484315134, 51.17209395437904, 53.07440600238055, 47.13155193721293, 51.937298406684015, 46.01209100646355, 46.378592769290535, 50.88261342322977, 50.78177506208437, 46.53644217956534, 49.46083518269833, 50.14220935428501, 51.01855806706573, 42.806764829018526, 50.2763195098305, 52.26293782884446, 52.78160970115571, 48.94476462894671, 46.8428311655431]
lab b Y:
[24.568227159696043, 23.99242148597294, 24.028831505313242, 23.957364735525033, 20.575733495091654, 28.478194957748936, 22.065886929927284, 27.507266021727258, 20.956187628210934, 24.683143132424085, 30.83772145408384, 29.582252871400012, 24.658505738257208, 35.48421832438486, 27.862703313511883, 29.67234879621507, 29.818895856246908, 27.724872974062006, 36.868923066621925, 26.17250651014465, 36.12737976856878, 30.311367151261663, 29.598476589543544, 29.21111080559385, 24.517210689876016, 29.631189587778167, 24.090208784742586, 25.09000501429566, 28.752348068929965, 28.53874033278794, 23.475282129407404, 30.31251167555781, 25.759229089983027, 25.449302180638224, 20.739339922958578, 25.231212488400452, 28.027463396246546, 25.945742550569385, 25.600622209696137, 23.13245858509478]
HSV Y:
[0.23254595107053988, 0.2302763315482577, 0.21112292017478884, 0.20582485923208835, 0.1982556456256105, 0.2617781466113416, 0.20487077215666105, 0.24563617350321001, 0.19808763898572526, 0.21172957409949225, 0.26633654471569945, 0.26117815174594483, 0.25591434747559727, 0.29837313342356964, 0.2517883508085559, 0.26571068116327473, 0.26313452367331386, 0.26547703503335496, 0.3172661726607742, 0.2274076783513828, 0.30900246130169656, 0.269147107674388, 0.2606404698946638, 0.2724430764604126, 0.22035180290993805, 0.2581758734013456, 0.22298965478267144, 0.22268714661355002, 0.24479235934996424, 0.2762073700229598, 0.20894748627042753, 0.2572507095801681, 0.23945946269442767, 0.23885266510486042, 0.1801756403334391, 0.23607154907429473, 0.2506322006422369, 0.2396517478092834, 0.23107519394497827, 0.197073515607652]
RGB Y binary:
[0.20255867413496564, 0.19467173621585376, 0.1997739460533285, 0.19131094931262949, 0.17080353855360703, 0.23263815462459123, 0.18176549075604678, 0.22587604009796317, 0.17213757254244855, 0.20267705876981426, 0.251919797837116, 0.24524341554114443, 0.2033063768231233, 0.28579774979625394, 0.22710204878918697, 0.24802253422084358, 0.24301127900785446, 0.23337058996242263, 0.3050680438223691, 0.21383228648770639, 0.2894754002958083, 0.24954409167815456, 0.24080012762150188, 0.23767208241568724, 0.1970837825842602, 0.24080869875760555, 0.1962529241484798, 0.20436750461757455, 0.2333818259536874, 0.23580161298196067, 0.1885061935127904, 0.24502766862717054, 0.21002119007789782, 0.22420578191893106, 0.16752318077590433, 0.2071226211833652, 0.23096876605823413, 0.22320013219784818, 0.21058519870366335, 0.18432110008408983]
CIE Y binary:
[44.631111198188194, 49.26710452630287, 48.83634789637923, 43.80176524880746, 40.87433898772027, 49.117973346159786, 41.912671404172855, 47.79507602038183, 43.74287662536687, 47.52055819196875, 51.77551115772812, 50.669568901672484, 48.10122920034894, 56.99410617969461, 50.02775642415329, 54.16799725377786, 52.4986052668791, 52.35669726390317, 57.51877152365766, 49.878038638482856, 64.11723906212153, 54.34872319630736, 51.68734246476696, 52.72146582435353, 46.97691137397261, 51.953528100870884, 45.62908959349014, 46.797877449592946, 51.307865810775155, 51.65429043397179, 45.92434251870152, 49.21773408017715, 50.14640760909532, 53.547951692414046, 43.42398221616678, 50.100075791523906, 52.5365456577067, 53.457886138777326, 48.5395164678588, 46.118581682583354]
lab b Y binary:
[24.91134152939775, 24.426233672767722, 25.479434554909524, 24.17735748273233, 21.413921121967412, 28.47907510440891, 22.631701025926233, 28.190566957684112, 21.597443177005765, 26.01586667189729, 31.45038332796639, 30.51183185786991, 24.947918130160602, 35.572569536641076, 28.071923452884075, 31.07800738100829, 30.333453882739082, 28.940342948818145, 37.465404387944965, 27.0638121128997, 36.537421102405354, 31.183740165718664, 30.00431361708384, 29.91291643213678, 24.81655017444132, 30.23365761405588, 24.43511768922488, 25.577478680569858, 29.451365515459525, 29.36293624922511, 23.64059722380011, 30.66075763184778, 25.7752122593474, 28.597919785452937, 21.53527008337792, 25.982342425447328, 29.07043710386797, 28.307173701603993, 26.58780226549546, 23.430303727443388]
HSV Y binary:
[0.23361011081766386, 0.23275992434006085, 0.21661173238307163, 0.20423243882643558, 0.20015436968983114, 0.2617845916708813, 0.20651903407639008, 0.2467843489873515, 0.20076052464721597, 0.2176341770247522, 0.2677204120455631, 0.2631094124287451, 0.2552138717362659, 0.298478701411925, 0.252097716329781, 0.26950948647344397, 0.2640991349794362, 0.26820467829446826, 0.3188456823918798, 0.2312287948688893, 0.31056403394173837, 0.2719129687211255, 0.26107408574730434, 0.26883657054364263, 0.22055787162247859, 0.2587554656971607, 0.2232272460640753, 0.22498965191949805, 0.24612435436373672, 0.2782445105249252, 0.20766440715146672, 0.2583034400474919, 0.23955498311931153, 0.24815281511962636, 0.18102952726181318, 0.23846374763300232, 0.2527557168096217, 0.2445440843644576, 0.23378268771831964, 0.19732809690892059]
area/perimeter:
[119.88073590154998, 106.64723445948437, 94.00520336278608, 87.09234628169567, 109.22756278024139, 98.4585986392018, 113.96370653109754, 74.01953196313161, 104.25622433971662, 88.11929697256102, 98.36624638698073, 79.29019148822796, 107.80984020216331, 80.50494820620743, 94.71243177748455, 65.89832028456368, 69.2394085954632, 72.43643361475003, 60.93747430111826, 94.99655321733805, 61.31160441465571, 73.38526255712215, 86.2686646626078, 63.489171598676556, 116.86264266015729, 67.94220297153427, 113.72662728978459, 109.09045539241302, 85.82424064717691, 83.7773677927246, 114.99777832919571, 64.34339608072167, 52.748682764679955, 73.88566557969088, 108.10140818119983, 93.953341716062, 71.05011575225406, 73.19362682507725, 76.93769597550079, 83.7685770301887]
Convexities:
[0.9696263768261384, 0.9679705899816667, 0.9590688039291122, 0.968860468822457, 0.9537568810488338, 0.9729003812620126, 0.97459382222388, 0.9549727435627474, 0.9129602233238283, 0.9406878424692559, 0.9610008244471493, 0.9538913094338743, 0.9677785870465169, 0.9132125322748562, 0.967934850714994, 0.9197138654195336, 0.9447698637318171, 0.9149186657814794, 0.95827879887116, 0.9562837274944964, 0.8206191936231693, 0.9065933125345287, 0.9492372003405282, 0.932393525396633, 0.9753424272627632, 0.931781733308988, 0.963050293362434, 0.9698702839970926, 0.9573728199762206, 0.9224659761520219, 0.9639696788702092, 0.912705885182965, 0.8052248705000277, 0.9620450240832713, 0.9183943311531376, 0.9437947473734488, 0.8845421801310173, 0.9395438836313849, 0.8978453611813948, 0.7765229202295555]
Mean curvatures:
[0.23650491763935239, 0.2398804957056715, 0.24891219221979088, 0.2275839951109715, 0.2369366078438203, 0.24890979557568316, 0.2304782838703235, 0.23519252069536503, 0.22342452054784037, 0.22217258355792957, 0.2476831685462538, 0.24469654618737408, 0.22447069817063772, 0.2635603076691684, 0.23688112077127438, 0.2631604622498894, 0.22576162908616973, 0.2588039994889155, 0.24925846905605262, 0.21274378732119628, 0.24179828077050888, 0.22232887246088798, 0.22680059753910747, 0.22117257524614264, 0.23422927393964624, 0.23196620471744747, 0.23572670402134563, 0.22045301537538625, 0.23925976734241267, 0.2546361122631313, 0.24447545831760545, 0.25711908973058856, 0.2619827301934509, 0.2132018222143499, 0.24454346717224945, 0.23489889578890374, 0.22033776816085004, 0.21129590314941663, 0.24611144726553755, 0.2458364173551251]
Max curvatures:
[1.0, 1.0, 1.0, 1.0, 1.0, 1.0, 1.0, 1.0, 1.0, 1.0, 1.0, 1.0, 1.0, 1.0, 1.0, 1.0, 1.0, 1.0, 1.0, 1.0, 1.0, 1.0, 1.0, 1.0, 1.0, 1.0, 1.0, 1.0, 1.0, 1.0, 1.0, 1.0, 1.0, 1.0, 1.0, 1.0, 1.0, 1.0, 1.0, 1.0]
Skewness curvatures:
[0.7236571319341519, 0.7087205620691558, 0.6592863577036024, 0.7904753889946963, 0.7264182893766976, 0.6288332823923162, 0.7729407332385582, 0.7206169197457646, 0.8281894414459173, 0.8318324566290906, 0.6497100231225453, 0.672303378943981, 0.8122058584164624, 0.5528014802874173, 0.7193136241480851, 0.5467581931426911, 0.8014380773926935, 0.5783699696110333, 0.6337310053820369, 0.8983330769080107, 0.6709233533889143, 0.8170083518137792, 0.7927595122265669, 0.8331408696538329, 0.7402566152183507, 0.7725026075894909, 0.7323452899565225, 0.8380941870104607, 0.7106952859631473, 0.6230055826541436, 0.6679533118578811, 0.5849932909510484, 0.5481635188412581, 0.893062470071286, 0.6669007990360204, 0.7240131759308122, 0.8414080663605163, 0.905695770430008, 0.652220383848418, 0.6556359331280218]
Kurtosis curvatures:
[-1.447424206516806, -1.4592996815952766, -1.5152256548253253, -1.3384833723182952, -1.4362856084760232, -1.5924993617917174, -1.3629633106158217, -1.4672158634769776, -1.2664209492773884, -1.266766429948388, -1.5492295712612882, -1.5154353823288433, -1.3034927124618862, -1.660745928323333, -1.4560157723907132, -1.6780011547172136, -1.3231290728876801, -1.6370868939610057, -1.577061547745181, -1.1529351268101313, -1.5437198839088642, -1.308830972501365, -1.3388412841934942, -1.271869508489006, -1.4214971029583483, -1.3517345240785499, -1.4303876271171991, -1.2637650809763374, -1.4591657779506255, -1.5613020936133113, -1.5285836981194711, -1.6344415845894742, -1.6840414141547002, -1.1648559075185685, -1.5307621545480188, -1.4604455229371618, -1.255006539412418, -1.1437957081712429, -1.555806074899158, -1.549253160670666]
RMS curvatures:
[0.4105113909582718, 0.4139873695762647, 0.4224313859812845, 0.40313268813146647, 0.4112987559751023, 0.4201821183855038, 0.405860342179667, 0.40851802837929385, 0.4000679290146699, 0.3985710210976946, 0.42008402520840304, 0.4177739222013873, 0.400372960453983, 0.433629090391994, 0.4107056211061594, 0.43266791905078916, 0.40139471471802823, 0.4293891009329418, 0.42099460242489406, 0.3899405049961396, 0.4138181016405896, 0.39772776917241354, 0.4022114998592374, 0.39725919878171734, 0.40862403678404907, 0.4078849185267407, 0.4100872560347088, 0.396602109276674, 0.4132935014304089, 0.4272836773176776, 0.41716070420722046, 0.4276940508570583, 0.43126314846715863, 0.3902230588954539, 0.4171744872898252, 0.40836366372897936, 0.3966773766885006, 0.38838086288653384, 0.4181874736479529, 0.4180712257301976]
Norm curvatures:
[0.26923305092546534, 0.2735888229861298, 0.28538801859486734, 0.25998266078783466, 0.2724615449345045, 0.290039440227805, 0.26107824674536173, 0.2680548784082748, 0.2522232358771195, 0.2507711237986201, 0.2853567383224026, 0.28353651287423853, 0.2555900392490961, 0.3140470649591351, 0.27039689323785704, 0.30919279753435375, 0.25569565996735133, 0.301288188397583, 0.28544591211928855, 0.24035767355360027, 0.297158958467599, 0.24993769618139555, 0.25730626458636097, 0.25124632974931865, 0.2674747988421222, 0.2630542165202355, 0.26991409522593984, 0.24982245301512349, 0.2728526484527436, 0.29549612116612206, 0.2798361209781248, 0.30025956489022454, 0.3179628242600596, 0.2386005418585888, 0.2804511881913943, 0.27238984780037995, 0.24934854913664256, 0.23752128492976649, 0.28232018297887157, 0.28236803437325153]
Radius of curvatures:
[1.4087490035027377, 1.4068036596472795, 1.4043106824812401, 1.407178966408717, 1.407298477859354, 1.412010298743451, 1.4065631799545946, 1.411738182518276, 1.4048649923889802, 1.4062325688784307, 1.4088060746136553, 1.4080106970463764, 1.4071531039235536, 1.407841046028894, 1.4092120813784696, 1.409943319462032, 1.4076140960559982, 1.408880340539965, 1.4102497962259846, 1.4065354573144724, 1.4131030702487708, 1.409799208244785, 1.4079941395146405, 1.4077414754610158, 1.4084230652290166, 1.4040000772734844, 1.4078627581799812, 1.4077791769381733, 1.4073570574457899, 1.404232512677358, 1.4094758255485664, 1.4098717011322872, 1.4113880946897863, 1.4070444814858687, 1.4096281723837252, 1.4113861660429035, 1.4071262580739359, 1.4073952321282708, 1.4107327761346657, 1.4103303102258473]
Pigmentations:
[1.898068516712863, 9.206823272643732, 18.878878536627063, 8.437656382861862, 7.10689978540649, 0.008625429923772764, 3.897462431386664, 9.262778934242416, 8.719607207320959, 16.083005103526492, 2.4424834541443428, 3.7933491389547456, 3.32509695983986, 0.5244348453841977, 0.9590529516398973, 9.961713785282823, 7.740587774144821, 8.550515082228037, 2.260973293675396, 8.551398673141373, 3.1619206301120872, 5.857192368490012, 1.988916564970996, 15.562753819377296, 4.977044983649482, 9.21215440971492, 6.03736557472269, 4.5968669431186004, 6.331343118907886, 7.603576375771313, 8.222111972325468, 3.9572471682431085, 0.15569318063868803, 23.333809851802755, 11.815814863275312, 10.87081477223739, 9.20595117131058, 21.125468984201166, 16.567748106565475, 10.247892099275804]
