Filenames:
['B5HD3P1-01.png', 'B5HD3P1-02.png', 'B5HD3P1-05.png', 'B5HD3P1-06.png', 'B5HD3P1-07.png', 'B5HD3P1-08.png', 'B5HD3P1-09.png', 'B5HD3P1-11.png', 'B5HD3P1-12.png', 'B5HD3P1-13.png', 'B5HD3P1-14.png', 'B5HD3P1-15.png', 'B5HD3P1-16.png', 'B5HD3P1-17.png', 'B5HD3P1-19.png', 'B5HD3P1-20.png', 'B5HD3P1-22.png', 'B5HD3P1-23.png', 'B5HD3P1-24.png', 'B5HD3P2-02.png', 'B5HD3P2-03.png', 'B5HD3P2-04.png', 'B5HD3P2-05.png', 'B5HD3P2-06.png', 'B5HD3P2-07.png', 'B5HD3P2-08.png', 'B5HD3P2-09.png', 'B5HD3P2-11.png', 'B5HD3P2-12.png', 'B5HD3P2-13.png', 'B5HD3P2-14.png', 'B5HD3P2-16.png', 'B5HD3P2-17.png', 'B5HD3P2-18.png', 'B5HD3P2-19.png', 'B5HD3P2-20.png', 'B5HD3P2-21.png', 'B5HD3P2-22.png', 'B5HD3P2-23.png', 'B5HD3P2-24.png']
Areas:
[285452, 48056, 313957, 307257, 225012, 215390, 49707, 286350, 184468, 310995, 292139, 188309, 240433, 240681, 411192, 165787, 300445, 388122, 369134, 375768, 241539, 172327, 231833, 329131, 181378, 236005, 225814, 237286, 227225, 260517, 268541, 237108, 230618, 208990, 137125, 234000, 238301, 219911, 235298, 234633]
Perimeters:
[3364.677415722524, 1076.2051942088829, 3328.140402520176, 3584.51507756326, 2877.4154390516487, 3083.6479784710014, 1028.6904755831213, 3290.549565448666, 2543.831744655075, 3189.1038225937173, 3453.5129855222067, 3057.6896090313444, 3438.0155108391486, 3118.368757857423, 3432.767819518146, 3882.1719318127525, 3252.6500705120548, 3236.123158577473, 3054.0672426672577, 3275.294731452727, 3202.635785162182, 3503.686650438514, 3193.991124221509, 3556.2236636408616, 3301.187083714402, 3281.3464632808364, 3172.358656589656, 3290.174890405583, 2939.5474734076133, 4320.917097816813, 2881.9494936611663, 3241.6896090313444, 3144.660171779821, 3150.3414126469534, 2296.8855685242374, 3287.880517890354, 3252.317026029314, 3129.824601980138, 3238.032754781852, 3257.2947314527273]
Minor axes:
[323.05294702730714, 228.8989232808452, 302.70296416209567, 300.5622256370101, 281.7143277122639, 281.5881976003771, 228.85662693791267, 315.1489043432278, 347.4915736044695, 318.39591791888785, 319.08585715926637, 244.33802282496865, 296.6057378392323, 289.7850410586015, 373.525963428325, 303.9770307199061, 307.70203612305534, 378.4603569248927, 360.84255303935834, 373.2684303247303, 298.43796961289496, 271.9791530522183, 284.09970261090615, 343.0599547517091, 216.0993621770174, 263.802524619315, 289.52436063632865, 296.7853833153218, 307.6636672874941, 314.39389815482247, 291.6957502883488, 274.9773552954164, 307.0715286488344, 265.78300321672253, 315.51246774350204, 315.0162988318983, 288.3821315313058, 275.8016152356141, 306.33368654857054, 310.9786169820863]
Major axes:
[1276.4944183922917, 289.1477104702742, 1437.8563906184813, 1435.833961892129, 1182.8108102229355, 1198.6904833796646, 297.3326955332372, 1409.2309601370446, 851.2611991279047, 1335.8639579696267, 1363.2014894562144, 1240.4983250913347, 1278.9470679000035, 1207.0807484144466, 1419.944844933698, 1191.7313667545452, 1338.4884685277561, 1372.7126769056113, 1310.1680692115322, 1316.8047841088592, 1199.0315743926412, 1292.048043704427, 1222.475863404438, 1255.8461380780989, 1295.9498222126342, 1299.9226417651446, 1197.4893330182988, 1213.9170669586888, 1152.629433664393, 1342.9364087536521, 1233.3656749824668, 1310.3927311525788, 1203.624269085039, 1220.507065097188, 825.9415107190272, 1251.8904725701325, 1260.9642445559248, 1211.955662729184, 1252.290966009841, 1226.3493975152878]
Convex hull areas:
[338779, 56927, 363473, 363780, 259253, 264585, 53236, 365606, 239273, 345508, 334659, 258908, 311519, 285193, 441550, 269425, 337133, 410969, 376426, 403701, 294470, 309469, 284843, 358540, 222382, 271157, 282338, 295507, 285674, 330055, 284060, 294671, 301534, 258345, 205778, 325182, 293618, 260177, 306443, 326749]
Elongations:
[0.5964160121366427, 0.11694350307762902, 0.6531941739460398, 0.6547508145545183, 0.6156837338598317, 0.6195579744572398, 0.13123683011834966, 0.6351729378548706, 0.4205307482717571, 0.6158489794232851, 0.6212424036402344, 0.6713785029226516, 0.6237287384745961, 0.6131813903980341, 0.5841929037831989, 0.5933505377615104, 0.6269575123515689, 0.5684140079325269, 0.5687666271552354, 0.5590570712388165, 0.601473787395129, 0.6531636522096328, 0.6232171269675423, 0.5711556063971581, 0.7147446715439014, 0.6628973657166305, 0.6108852431603243, 0.607787792950608, 0.5788591787674132, 0.6211081453355864, 0.6182901384674508, 0.6535944968214564, 0.5937579058147257, 0.6428712707050604, 0.44802561955057496, 0.5980643661179751, 0.6280743586877855, 0.629468613150302, 0.607092695840698, 0.5957568446802254]
Roundnesses:
[0.31228397949401726, 0.5127252741085582, 0.34951466787741253, 0.2964163197844901, 0.3366838004837659, 0.28077209438643674, 0.584030950473009, 0.32907877111045764, 0.3488397387620323, 0.3774298593512375, 0.3028560615450812, 0.24939880114383536, 0.25043567903349395, 0.3051310176847005, 0.43070050661137543, 0.1351303855296654, 0.34873432908143975, 0.4601217470804474, 0.4933370111818523, 0.4363636990340698, 0.2878029300924887, 0.1726046107094721, 0.2828708337887975, 0.3192778037842675, 0.20223786359255302, 0.2713125641492423, 0.27610756363757494, 0.27023007550357064, 0.3252654932929613, 0.1728169388540697, 0.40004921465585974, 0.27872747998166636, 0.2863351092781651, 0.2590230059366756, 0.32205203095942453, 0.2681560673771551, 0.2788833944398688, 0.2785289202796888, 0.27863557183163046, 0.27507276996363966]
Eccentricities:
[0.9675169179573373, 0.6123318350194294, 0.9777487756394305, 0.9779922557135944, 0.9712979741205076, 0.9720183695410073, 0.640478160523398, 0.9747927666231032, 0.9130156774558568, 0.9713289668699311, 0.9723275407788747, 0.9804803612766607, 0.9727794682469743, 0.9708257238005494, 0.9649394689298907, 0.9668839130824575, 0.973358530472578, 0.9613945796915764, 0.9614765727564162, 0.9591710334892654, 0.9685421235697428, 0.9777439831745323, 0.9726869051920327, 0.9620286774615292, 0.9860660282920184, 0.9792367344112095, 0.9703875360597458, 0.969789003534181, 0.9637692408812822, 0.9723029873325468, 0.9717840527191054, 0.9778115678164215, 0.966968543356199, 0.9760868672392758, 0.9244962936826767, 0.96785364846981, 0.9735567920816797, 0.9738028386055599, 0.9696535064498186, 0.9673815496775452]
Solidities:
[0.842590597410111, 0.8441688478226501, 0.863769798582013, 0.8446231238660729, 0.867924382745812, 0.8140673129618081, 0.9337102712450221, 0.7832201878524969, 0.7709520087933031, 0.9001094041237829, 0.8729452965555984, 0.7273201291578476, 0.7718084611211515, 0.8439232379476355, 0.9312467444230551, 0.6153363644799109, 0.8911764793123189, 0.9444069990680563, 0.9806283306679134, 0.9308077017396539, 0.8202499405711957, 0.5568473740503895, 0.8138974803663772, 0.9179756791431918, 0.8156145731219253, 0.8703629262751837, 0.7998002394293364, 0.8029792864466831, 0.7953996513508405, 0.7893139022284165, 0.9453671759487432, 0.804653325233905, 0.7648159079904754, 0.8089570148444909, 0.6663734704390168, 0.7195970256656272, 0.8116021497319647, 0.8452361277130569, 0.7678361065516263, 0.7180832994133112]
Curvatures:
[774.2611101190984, 299.98484809834997, 861.8002153624992, 1003.7068529740473, 692.4793641885781, 798.1311678041872, 310.7127701597078, 876.1555544218267, 805.0306627407988, 855.4570696119916, 868.7707781109764, 795.2316728675754, 872.1849916733495, 748.3910524340095, 936.7535341682733, 1051.3759005323595, 957.1383104791236, 928.9251070435271, 743.2194795587557, 878.8418459228419, 813.6164491784257, 1048.032754781852, 830.2438661763952, 853.2144289248723, 856.4570696119915, 425.1930009000631, 827.859089865545, 847.3149339882607, 814.9595949289333, 1058.4469683442248, 792.4032457428293, 825.5159441150374, 865.113923861484, 898.9839815465727, 686.4082963767125, 923.7535341682733, 831.3443712397835, 787.9890321804562, 824.001225489276, 891.2266222336921]
Curvature Stds:
[0.32262990005716424, 0.33533920386475446, 0.3341501366230825, 0.33743285848216675, 0.32799379048046107, 0.33183569512482025, 0.3398618981640386, 0.3322348864284214, 0.34504949002978036, 0.33524272808676364, 0.33255847866040017, 0.33263309149066783, 0.3331721685954218, 0.3267612725775909, 0.33759726057528183, 0.33570461537069823, 0.34267038067224026, 0.34184688803834984, 0.33035243579968343, 0.33443733667254444, 0.33181103207031276, 0.3414381632404256, 0.33240660489049195, 0.331908379474965, 0.3357158907404164, 0.33353116359386703, 0.33386196003308305, 0.33284470877293704, 0.3390405724126631, 0.3280071373152477, 0.33987246079727823, 0.3316491005432845, 0.33788743504422675, 0.34146170856629193, 0.34013224479517445, 0.33798239536900404, 0.3322565058571201, 0.33108103430140456, 0.33045021749653913, 0.33537957794949913]
BBARs:
[4.233128834355829, 1.1634980988593155, 3.662125340599455, 4.099706744868035, 3.857142857142857, 3.9478527607361964, 1.2434782608695651, 3.8627450980392157, 2.230769230769231, 3.6151761517615175, 3.6675531914893615, 4.423076923076923, 3.8245125348189415, 3.975232198142415, 3.602067183462532, 3.8621700879765397, 4.033536585365853, 3.4744897959183674, 3.578082191780822, 3.2142857142857144, 3.8588235294117648, 3.45910290237467, 3.9451219512195124, 3.781869688385269, 4.6879432624113475, 4.6, 3.722543352601156, 3.6408045977011496, 3.3049450549450547, 3.4203655352480418, 3.873015873015873, 3.997014925373134, 3.3518518518518516, 3.8895705521472395, 2.2904191616766467, 3.4895833333333335, 3.7796610169491527, 4.098412698412698, 3.625, 3.4330708661417324]
Frechets:
[155.6574765310038, 89.65071109589707, 147.38130817712266, 144.99741377003937, 145.91521510795232, 141.77535046685654, 73.34337052522197, 135.64014892353958, 126.30221692432798, 163.2857924009312, 163.85740752251635, 135.64014892353958, 143.12319867862092, 158.95360958468353, 191.88342815365792, 89.30985387962518, 158.5283886248769, 184.78974538647972, 186.67150291354062, 187.91021792334763, 166.58706432373432, 120.31313311521731, 146.64327464974315, 173.1711581066547, 127.00098424815455, 276.99503605660516, 144.51384016764624, 149.8540957064571, 144.00086805293918, 141.6271513517094, 154.5291234686847, 141.52473282080416, 143.58359934198614, 135.19338001544307, 147.0076528620194, 140.43592845137601, 145.2248257013931, 142.5, 144.45154897058043, 153.10862157305186]
RGB Y:
[0.19763953534758116, 0.22714885924997108, 0.1804431817133163, 0.17421711593018863, 0.1954575695880243, 0.19778874105419872, 0.22364022332424344, 0.17665172982568453, 0.26121498043935554, 0.182709448569236, 0.1882424427611429, 0.16458311340907236, 0.20001340708629944, 0.2238662787289423, 0.18755849971385471, 0.1797512584801645, 0.19205163665165656, 0.1927644291436144, 0.20464623553848874, 0.15076227812689602, 0.2056735091510443, 0.1501078691021256, 0.207528068274917, 0.18808149170525068, 0.173606674389104, 0.2066867186483849, 0.20547629911466653, 0.20258032455338118, 0.22095542231004062, 0.19329899721356925, 0.23252058179521246, 0.218747716038217, 0.2085223685698715, 0.1973567357844322, 0.2777702588516282, 0.22010618550571823, 0.19946640222413167, 0.22502682010506028, 0.2166075870513485, 0.2198175108960534]
CIE Y:
[46.50367156599527, 53.63296038432704, 46.27054673412157, 47.02100683970813, 52.11227295586861, 48.55283455929511, 61.91559356575213, 45.26351320768313, 56.2634752907682, 48.24673331703634, 44.322403385777, 42.216859291931044, 45.98755580251723, 51.26647219260971, 47.49568507735014, 46.173958692005215, 46.8334180218358, 46.56447912584106, 47.958731281375, 39.319269001934714, 47.695992604716054, 37.75108794903485, 51.65318627325888, 46.28470843116488, 40.433902755599405, 47.6135933845011, 49.15220921780467, 48.93255652770486, 53.01814384902643, 48.6398247220281, 53.60219156417589, 49.4073592255743, 50.14734828193257, 44.47608822869493, 56.23873316495281, 48.91649527467339, 46.307532356863355, 50.75625647336746, 49.53003790566979, 49.840567410242585]
lab b Y:
[24.840212149250362, 28.944320009025397, 22.81715248817528, 22.574531939722124, 25.270076985464364, 25.231830762948338, 28.70800331126859, 22.243522799381044, 32.033025478180036, 23.393286863145136, 23.825548201892857, 20.83278967993267, 25.522319034961253, 28.17520304773668, 23.652687657280964, 23.042826798870315, 24.19936643567086, 24.00268928400772, 25.521871551584404, 19.080996330782128, 26.33881361258145, 18.95533921169233, 26.544892426100628, 23.70726156618477, 21.725887800673775, 26.264976961657265, 25.821024796333855, 26.015159887754972, 28.134942950703, 24.53103049270789, 29.259025390814198, 27.531937599195242, 26.390771026527904, 24.58246055866063, 34.59490991599971, 27.793746210925878, 25.629643280993594, 28.240327406671394, 27.170171015163525, 27.42129093029344]
HSV Y:
[0.22147006768444377, 0.2429651093294524, 0.21400039702225024, 0.19972288627354828, 0.22490481472959356, 0.23382861689007717, 0.2521914049635706, 0.21268656534707708, 0.3068974456758629, 0.20906980845906614, 0.21309548939819842, 0.21084780138094714, 0.2318915655901046, 0.25151392147297624, 0.21492566765016802, 0.2118866042492713, 0.22203268680846835, 0.22236951895750823, 0.22512371976503698, 0.17212236652319576, 0.22127069006034647, 0.18359384802885453, 0.23292634990690297, 0.2141849999758022, 0.21692772001850422, 0.22975283815233527, 0.246775666755059, 0.22105984658175312, 0.24137862167910482, 0.22050125939841758, 0.24961028680439806, 0.25026369917650837, 0.23337110505412767, 0.234310771344164, 0.2973022985531328, 0.24275831400375045, 0.21833375553662038, 0.250669150814712, 0.24577482487365776, 0.25406947844441585]
RGB Y binary:
[0.20556653647674572, 0.22931386047233626, 0.18971941869531314, 0.1889103671702691, 0.21820444082120063, 0.214498423940047, 0.22838194797257994, 0.18673056578090874, 0.2663337133712704, 0.18855773966669542, 0.19860403756916842, 0.1843531488911639, 0.21746673921206683, 0.23436094831807444, 0.19183831145882838, 0.19559201422903139, 0.20012932956058743, 0.19595788107840148, 0.20569549908793958, 0.1576948232123038, 0.21455458618930187, 0.16849482505788946, 0.213949874207004, 0.1953212999367556, 0.19356774151960368, 0.2130395680959197, 0.21668677406238912, 0.20487353992263083, 0.23110595075624485, 0.20088506353781815, 0.2340892429115935, 0.23287026493585364, 0.21699275979885382, 0.2077294153755756, 0.27980691456600304, 0.23208691458802308, 0.21034944060203709, 0.232319683569487, 0.22580885635040132, 0.23315929446471506]
CIE Y binary:
[47.619595449882766, 53.72106028929004, 47.695771759045684, 48.640499925977416, 53.651325045200196, 50.98897488440805, 61.80020859292721, 46.418949227145774, 56.57915318695974, 47.55025435311344, 45.32036848766368, 44.66036257854893, 48.80832808061466, 51.51409301683252, 47.31360803933682, 48.148851597547925, 47.168069844583556, 46.73281325265171, 47.55204235226318, 40.05240320243549, 48.183148092441094, 41.555383292693364, 50.026596351251705, 47.029041676030864, 44.57899846828104, 47.89930763073795, 50.494373262880536, 46.608910335953546, 52.66796236712405, 48.12979968748425, 52.32716994634905, 51.657775159840824, 50.42604789120211, 46.64265045181499, 56.53948333173008, 50.04635825396339, 47.29287995242611, 50.9498274230181, 49.509603790465036, 51.18053977755918]
lab b Y binary:
[25.778577363361435, 29.212562811330407, 23.968714669069268, 24.300881852140805, 28.028160370308225, 27.28046089382462, 29.257458086347082, 23.47940045655599, 32.623310875775836, 23.975234280979283, 25.083176395482948, 23.270229352404595, 27.71187318337674, 29.383033761956167, 24.12187404152011, 24.89278175184223, 25.132324822361817, 24.372589361848785, 25.599520478220434, 19.934768238425796, 27.39547317658103, 21.31479492691734, 27.125031913434466, 24.577992147474657, 24.297522698324602, 26.944039871137438, 27.19539687638742, 26.053610245836428, 29.253351815318464, 25.336928689747904, 29.325201472360096, 29.289134479469805, 27.367359823690887, 25.877332652460204, 34.846006709681134, 29.206680255704267, 26.98224855532786, 29.094617650837392, 28.230639720974356, 29.067774835622313]
HSV Y binary:
[0.22529016330446133, 0.2441137747897137, 0.21724288474659686, 0.20607860169099804, 0.23772796494153, 0.23829089045531507, 0.25540203080670515, 0.21238953012375744, 0.3096460342294418, 0.2110867543766427, 0.21572867934149217, 0.21055676462759712, 0.23566637387499687, 0.25546526425139593, 0.21604620855446752, 0.21772904041137134, 0.22156706634370207, 0.22301513352788246, 0.22421358038322148, 0.17172948055882303, 0.22540038465288173, 0.18852649955795092, 0.23195319208815524, 0.2156580019747323, 0.22073323363066677, 0.23008440046625467, 0.24625532049773738, 0.21772038893452816, 0.24530216861004908, 0.22203590084003297, 0.2485928274057539, 0.25329438971943086, 0.23670592504293625, 0.23615624493556103, 0.2978589465702369, 0.2482067338437628, 0.22198152045835656, 0.25224058514781506, 0.24811739811358963, 0.2569965705991116]
area/perimeter:
[83.94171807067127, 43.98405933866823, 93.15954065805569, 84.84250534016114, 77.36315170866318, 69.0866303257963, 47.765943681678586, 86.3043531864342, 71.26408123284497, 96.36100769826818, 83.62492018275742, 60.84693565887812, 68.93792760859021, 76.16483436764123, 118.42637862780707, 41.93451477383106, 91.01472817661474, 118.92157009754268, 120.09885233333523, 113.93999587324798, 74.09198924745596, 48.35420099292228, 71.95634919650149, 91.15904927944315, 53.74423841463173, 71.09895060697478, 70.15039397196492, 71.1476444671535, 76.40571641510228, 59.5727607772289, 92.17307958978948, 72.23596357741914, 72.2043273719247, 65.34383354776455, 58.98337348255216, 70.37584872129764, 72.43868282851896, 69.53442394117863, 71.94737240766065, 71.37651120675702]
Convexities:
[0.9212698412811204, 0.8647343518576694, 0.921466767384188, 0.883440212249214, 0.9679749830184278, 0.9420624703150676, 0.854591114281531, 0.9437018431971714, 0.8554548721304316, 0.9544951029756323, 0.9099341094400539, 0.9292391964389544, 0.9087346628677168, 0.9342998803961873, 0.9436209622013594, 0.7541200243767486, 0.9182969873484141, 0.9666405122559422, 0.9820723303291843, 0.9231734760775514, 0.9298778567921087, 0.8391843205804734, 0.9204711987382918, 0.8531242709632556, 0.8945086067714201, 0.9434161733065752, 0.9212029023672073, 0.8830759489494899, 0.9467005749522307, 0.6983564512860753, 0.9626046032729594, 0.9306221094237125, 0.9258041128679843, 0.9109863308298551, 0.8510027728345184, 0.9272954958975284, 0.9346876999064383, 0.936417493838105, 0.9419121367695078, 0.9171047425513598]
Mean curvatures:
[0.20575634071727303, 0.2384617234486089, 0.2295685176778101, 0.2421488185703371, 0.2187928480848588, 0.2284944654463748, 0.2548915259718686, 0.23105367996356188, 0.27270686407208633, 0.236314107627622, 0.22850362391135623, 0.22825248934201361, 0.2295223662298288, 0.21456165494094306, 0.2396401980476524, 0.237116802104727, 0.2547613283149118, 0.2544303223893528, 0.22583393484009592, 0.2326209226900058, 0.2262559647325989, 0.2579455463405986, 0.22979348634829647, 0.2267378232593336, 0.23731146290163246, 0.2309576322107893, 0.22850099085441486, 0.2278953561022756, 0.24370801283759966, 0.21734023990641166, 0.24887036612526045, 0.2253045699003923, 0.24260065167175657, 0.25132345025064934, 0.2521705717768966, 0.24502746264410433, 0.22597020147860383, 0.2252040674994159, 0.22532163672115832, 0.23721762635977964]
Max curvatures:
[1.0, 1.0, 1.0, 1.0, 1.0, 1.0, 1.0, 1.0, 1.0, 1.0, 1.0, 1.0, 1.0, 1.0, 1.0, 1.0, 1.0, 1.0, 1.0, 1.0, 1.0, 1.0, 1.0, 1.0, 1.0, 1.0, 1.0, 1.0, 1.0, 1.0, 1.0, 1.0, 1.0, 1.0, 1.0, 1.0, 1.0, 1.0, 1.0, 1.0]
Skewness curvatures:
[0.9382918418973466, 0.7005249038814743, 0.7839795693136141, 0.6853953563272491, 0.8381167846557114, 0.7696739734531459, 0.585160293417299, 0.7455262209935225, 0.4791475403002729, 0.7223888981879177, 0.7779019274906338, 0.7815933242854052, 0.773449741649442, 0.8752986036054555, 0.7133447733839595, 0.7189925030159712, 0.617030009491964, 0.6113686933696699, 0.7827869976620843, 0.753417628110734, 0.7948903020401681, 0.5734690659387246, 0.76162926931914, 0.7904971368169359, 0.7170401324614063, 0.761518965323925, 0.7927025268412652, 0.7880449313779587, 0.6870713473353629, 0.8558928640930952, 0.6441729607882752, 0.8039583997853061, 0.6857712759771103, 0.6372728481790431, 0.6145421014444699, 0.6619483906487802, 0.803260685814477, 0.7985671463768228, 0.7898588504538913, 0.7142486493997793]
Kurtosis curvatures:
[-1.0949277311380017, -1.4933245123907501, -1.3398032888062448, -1.5022520453167845, -1.2791404569914517, -1.3896735272833103, -1.652337768764194, -1.434984380450314, -1.7582530641897205, -1.4525166036658297, -1.3661455019163984, -1.3578742650662647, -1.369788495230036, -1.206515320469667, -1.4489866003975223, -1.4548710359953212, -1.5748848834755633, -1.5912921194790375, -1.3764090894989636, -1.3989617769701104, -1.337562596075342, -1.6558166291951324, -1.4008157989317362, -1.3458796890120261, -1.4585026956539773, -1.3907919506443984, -1.3243257885290878, -1.3426770910138055, -1.4851130588778616, -1.2392883488114608, -1.5536891227587917, -1.3199204337567794, -1.4975063604789707, -1.5515700266699757, -1.6015543190606796, -1.5396229253780347, -1.316065952594227, -1.3364022565018399, -1.3606082796345011, -1.4668875060161775]
RMS curvatures:
[0.38265614349734195, 0.41148071060345975, 0.40541092500574244, 0.41532756267608345, 0.3942717805864689, 0.4028953329322608, 0.4248244341324203, 0.4046799016319073, 0.43980471152756295, 0.41016099790069643, 0.40349603203692397, 0.4034153844927893, 0.40457905349426565, 0.3909087272337661, 0.41400402759907157, 0.41100117593695606, 0.42699686672718845, 0.4261385734859661, 0.4001670875573661, 0.4073828983079365, 0.40160966445124946, 0.42792046479917906, 0.40410295389037726, 0.4019617057159527, 0.4111227185648394, 0.40569010952288836, 0.4045695381248832, 0.4033880185269814, 0.41754293822690614, 0.3934786677982942, 0.4212478471680522, 0.40094048823880374, 0.41596032857993515, 0.4239806305279782, 0.4234146209328292, 0.41745725173863946, 0.40181702009828213, 0.4004141896741039, 0.3999589806695328, 0.4107939429462808]
Norm curvatures:
[0.2311735636720722, 0.2807218790121051, 0.26303166054410076, 0.28099852241412815, 0.2448652984825957, 0.259788554152527, 0.3028080598856428, 0.26809035125063885, 0.3201877127850888, 0.2683771699198318, 0.2595469900386494, 0.2605519730294683, 0.2594054695914492, 0.23996253002924134, 0.27402271013507595, 0.2723942737548164, 0.29577234147957665, 0.2951730954086432, 0.2546271480414264, 0.268618590679308, 0.25496825480754726, 0.30020122465919835, 0.2599869976896064, 0.2579044288098379, 0.26992000445767106, 0.26208784796518664, 0.261008314200589, 0.25812397079001936, 0.2792907112413761, 0.2453896749252463, 0.2844151661688777, 0.2554113325024852, 0.2766528125830991, 0.2893934621540212, 0.30408380039899174, 0.2829871718590711, 0.256767566459477, 0.2526222193228913, 0.25531053912622853, 0.27416377082924354]
Radius of curvatures:
[1.4096534130625655, 1.41127587753357, 1.4052983698054622, 1.408933219509982, 1.4108183692388896, 1.4108998538741102, 1.413270023506642, 1.4125392957507301, 1.4120258146845048, 1.409397125601315, 1.4087901442078172, 1.4082856401924424, 1.4081321234475521, 1.4090998146894766, 1.4060175558116792, 1.4088923604223929, 1.4055712525769353, 1.407548056771689, 1.4122392365276561, 1.4078410460288937, 1.4084203656965484, 1.4114110348874858, 1.4106732755152054, 1.408690714874787, 1.4090573769493635, 1.40867224381292, 1.4049294652854225, 1.4072519898962366, 1.405878556306095, 1.408928097171558, 1.408264355014056, 1.4077861105431675, 1.4080821116142828, 1.4060015567748974, 1.4103584206343593, 1.4100746105584525, 1.4067598478830907, 1.409358038197396, 1.4113618338885987, 1.409922903958075]
Pigmentations:
[7.30054405889799, 2.473616851645931, 9.566086001607207, 22.41304831594518, 25.9695786853838, 17.01635521676632, 13.631848863843675, 14.246094793526707, 3.60796542480442, 14.273553515710976, 10.586985465056118, 25.664129252757494, 15.63878593525044, 10.654685494223363, 7.5791387920014275, 21.94291363811128, 12.684740625502924, 3.8294865024385696, 3.781055266809981, 11.195411449470111, 8.586109453068584, 15.574097077366583, 20.921802400128655, 8.077946709902413, 14.041502471977749, 12.423702678575243, 13.291987632035173, 16.708885507603643, 13.406078119390681, 14.393456677131967, 8.324334863073277, 10.480623842612257, 9.967226009438908, 7.637593621647741, 1.0681721408959433, 10.735774268819199, 9.610534689663343, 6.981463075013398, 10.054821882460855, 9.926811668900113]
