Filenames:
['B4CD3P1-01.png', 'B4CD3P1-02.png', 'B4CD3P1-06.png', 'B4CD3P1-10.png', 'B4CD3P1-11.png', 'B4CD3P1-12.png', 'B4CD3P1-13.png', 'B4CD3P1-16.png', 'B4CD3P1-17.png', 'B4CD3P1-18.png', 'B4CD3P1-21.png', 'B4CD3P1-22.png']
Areas:
[131124, 170724, 132545, 193474, 163328, 184260, 129608, 121275, 129287, 218644, 187951, 120398]
Perimeters:
[2684.5870119269025, 2436.368757857423, 2722.6774157225245, 2637.6580797387683, 2754.5108934811537, 2582.202235616053, 2585.658079738768, 2352.2611101190982, 2573.859089865545, 2720.2266222336916, 2472.5626253092632, 2422.870237153838]
Minor axes:
[209.39515106938055, 215.34160915832473, 225.13600168447337, 240.05364542198268, 224.03463305585285, 219.9778361076611, 220.23303671686688, 217.8362330787503, 207.53705142705044, 246.58069278604424, 223.06840978178863, 202.37694493050512]
Major axes:
[1114.3309974987021, 1077.528547304042, 982.9127274350897, 1067.807511363802, 1107.6583930198367, 1139.756587852323, 1057.2853244675894, 947.835698066786, 1069.0401351675127, 1186.273063207956, 1103.9093096774038, 979.0298976667551]
Convex hull areas:
[172392, 196051, 167819, 209275, 192019, 198455, 170281, 155832, 167520, 229108, 194067, 153622]
Elongations:
[0.6837106298159797, 0.6682421333909743, 0.626716531897546, 0.6338055237582937, 0.6637265936867107, 0.6774491072519014, 0.6552872857182109, 0.6264997628991427, 0.6747898445138985, 0.6567419314350142, 0.6649229282505421, 0.6576501108766797]
Roundnesses:
[0.22164826023791895, 0.34936582973020014, 0.21443574334125803, 0.32866282587318374, 0.25883492453185153, 0.3388294417077918, 0.2272265016384164, 0.26741099167388865, 0.23885494407995672, 0.3630800934888386, 0.3745153056224676, 0.25460710801771225]
Eccentricities:
[0.9821972366426311, 0.9800265412867588, 0.9733156148939347, 0.9745578982431711, 0.9793606413051994, 0.9813388225920221, 0.9780757407472233, 0.9732769694662874, 0.9809659790286537, 0.9783010156487989, 0.9795385126697689, 0.9784408527947068]
Solidities:
[0.7606153417792009, 0.8708142269103447, 0.7898092587847622, 0.9244964759288018, 0.8505824944406543, 0.9284724496737295, 0.7611418772499574, 0.778241952872324, 0.771770534861509, 0.9543272168584248, 0.9684851108122453, 0.7837288929970968]
Curvatures:
[709.7220048756974, 707.065150626205, 766.462120245875, 708.2072862499359, 754.8347032479055, 679.8519471906086, 690.4793641885781, 607.3128419472075, 663.4671708797583, 735.3494218736669, 588.7564927611036, 648.668181006535]
Curvature Stds:
[0.33695442264712916, 0.3432749382934835, 0.3430615514462411, 0.3370038519689077, 0.3400634791580266, 0.33631146977084836, 0.33613174331907814, 0.3348781959183433, 0.33552224813710324, 0.33866742600048283, 0.3268847520878645, 0.33955420512586176]
BBARs:
[4.550200803212851, 4.2042553191489365, 4.066666666666666, 4.412955465587045, 4.4356060606060606, 4.836206896551724, 4.095419847328245, 3.755813953488372, 4.54356846473029, 4.390977443609023, 4.5, 4.128630705394191]
Frechets:
[104.19332992087354, 102.47072752742609, 111.80898890518597, 116.71011095873399, 117.5, 105.30550792812312, 108.55067940828376, 109.5045661148429, 109.17073783757257, 121.56582578998096, 111.13617772804677, 107.61621625015442]
RGB Y:
[0.1516292450254714, 0.16468791305080774, 0.1250450765759601, 0.151749859241957, 0.15436834748612874, 0.11438596310318719, 0.13802189274059065, 0.15242486293548924, 0.16914501693191672, 0.1297370646018828, 0.14989400383965842, 0.18062971630823427]
CIE Y:
[45.60341582208804, 44.803521527800925, 41.345707088631045, 41.88102016276345, 44.60839181385862, 35.86808036824686, 43.72750488541799, 46.375489794520476, 43.05420470207742, 40.67465849579543, 44.08171254054992, 44.49989154125179]
lab b Y:
[19.54578540229844, 20.766774650136774, 16.53452072838434, 19.383123689166364, 19.870920970797567, 14.70264259762902, 18.197088311292024, 19.81260162694506, 21.62639054962593, 16.5859662084962, 19.326400360917347, 22.778448254370517]
HSV Y:
[0.20909550806504162, 0.22159249500164396, 0.17942098430293282, 0.1859501826106859, 0.19804554064582988, 0.1454933663084842, 0.16823664146886907, 0.1846698931264302, 0.21809364857828628, 0.1762976107169918, 0.1804113393884076, 0.2179672248655542]
RGB Y binary:
[0.1766296815153728, 0.17247539374592957, 0.127102491013931, 0.15864852166006269, 0.16886377456657609, 0.11946674482190538, 0.1482275370905099, 0.16872709076672937, 0.2013859687640317, 0.1407763220173785, 0.14664327606523545, 0.19308326763120304]
CIE Y binary:
[47.925172822314536, 45.34047685560136, 38.81933221275365, 41.17409808764186, 46.37263726381879, 34.981610143218916, 42.09141648213515, 46.3797777659046, 47.506192366714515, 40.067641201742774, 41.83283864473453, 45.17434017714609]
lab b Y binary:
[22.65613256697693, 21.68205587041732, 16.72212419704873, 20.119925691801427, 21.722332577359175, 15.306880183761809, 19.291593620753403, 21.735099107988948, 25.712612751772753, 17.857070273075788, 18.769630450608258, 24.263987228541932]
HSV Y binary:
[0.20831753738567502, 0.22437413805792905, 0.14919357761588925, 0.18678298823541878, 0.1939498565661918, 0.14175697690252506, 0.16909133952403782, 0.19328780179881466, 0.22517807751679583, 0.1723232502965599, 0.17168783993450706, 0.223169058024709]
area/perimeter:
[47.806782527734306, 68.60747808363129, 47.26774666791773, 70.8464399470883, 57.71138747038058, 70.20246321498267, 48.11987882537871, 50.51723347459486, 49.28742258349699, 79.19799665444448, 74.55810912561479, 49.10953747495258]
Convexities:
[0.9394630123945339, 0.9273954383385463, 0.8589175747115594, 0.9279609867520464, 0.9513322251774451, 0.9651404974760244, 0.9330688895410398, 0.9308352999264975, 0.9509626241880853, 0.9642206303499312, 0.9716358915895233, 0.9297539740661673]
Mean curvatures:
[0.23728585920284098, 0.2550740081624116, 0.2553171619739757, 0.24162650503239028, 0.24116124704405928, 0.2363880205808792, 0.24117337205329306, 0.23118113511503902, 0.2332046294832191, 0.24125637200579622, 0.21270104507265303, 0.24204036604721454]
Max curvatures:
[1.0, 1.0, 1.0, 1.0, 1.0, 1.0, 1.0, 1.0, 1.0, 1.0, 1.0, 1.0]
Skewness curvatures:
[0.7311061527079801, 0.6204636009332148, 0.6158914230427173, 0.686027265264157, 0.7242047289148299, 0.7335664097263971, 0.6809310967974449, 0.774214048517265, 0.7591813456403066, 0.7082183865535167, 0.8999468891237716, 0.7097174364033253]
Kurtosis curvatures:
[-1.4207690008042206, -1.5641794293906628, -1.5734244857865989, -1.504973993055468, -1.4085933252906424, -1.4215275242820797, -1.5224292821647796, -1.3534941065977524, -1.378139215146206, -1.4495126726523377, -1.1483724908344868, -1.4394620980006094]
RMS curvatures:
[0.41211996059289663, 0.4276686017238499, 0.4276424689844862, 0.41467452800485494, 0.41689557077631245, 0.4110774877970995, 0.4137017576156509, 0.4069252060693737, 0.4086068748900114, 0.41581277333337374, 0.3899940713940962, 0.41698992435660287]
Norm curvatures:
[0.2674158542428168, 0.29426925321033165, 0.2945300764725724, 0.2733259462041672, 0.2739946364850416, 0.2669628351022151, 0.27341218934175393, 0.26258237968598386, 0.2636166276484319, 0.2737903136866684, 0.2388486915887663, 0.2726946884194154]
Radius of curvatures:
[1.4054713665843164, 1.4041720214670808, 1.4049573933815176, 1.4096435030088987, 1.4004457801479686, 1.4063982121396406, 1.4116619387855815, 1.4049655509922627, 1.4053057438274374, 1.4045619842207124, 1.4061900551116309, 1.4027964300033853]
Pigmentations:
[39.007618252901274, 14.169304171193726, 65.17945001716312, 19.43904586735305, 27.938203601698845, 22.045216743452226, 39.822463513755956, 32.85951433552725, 27.164401269144893, 31.051538415485012, 22.605065912663708, 15.0197960710473]
