Filenames:
['B4HD3P1-01.png', 'B4HD3P1-02.png', 'B4HD3P1-04.png', 'B4HD3P1-05.png', 'B4HD3P1-09.png', 'B4HD3P1-18.png', 'B4HD3P1-21.png', 'B4HD3P1-22.png', 'B4HD3P1-23.png']
Areas:
[145830, 147361, 145714, 155303, 170849, 125694, 168346, 149874, 157892]
Perimeters:
[2880.6185412194786, 2654.7951647286154, 2789.079435976078, 2813.464212286928, 2898.7119036079303, 2475.976838871636, 3041.6957056857536, 2843.9352083112935, 2757.356564548603]
Minor axes:
[194.8971544027247, 206.8716787847648, 220.8859272345288, 232.37067262984445, 224.37198027310214, 204.07604555914494, 223.80767188542265, 213.30396882407385, 222.37713374595108]
Major axes:
[1330.2287213145405, 1130.541995340343, 1142.2872056011138, 1144.8204018670501, 1191.6989947508569, 1056.1404709568367, 1203.948416336545, 1200.790841623189, 1145.9783981047512]
Convex hull areas:
[216904, 175575, 189899, 198519, 199541, 164353, 203402, 225796, 191410]
Elongations:
[0.745418281899752, 0.6911338096210264, 0.6762681864993764, 0.6626472030857828, 0.6833821236913632, 0.6762651643016931, 0.6867306792805414, 0.6984591076355924, 0.675078563095915]
Roundnesses:
[0.21188750784262655, 0.2535519473728724, 0.22452794242048404, 0.23236739797504613, 0.2449307034725977, 0.2448117504946853, 0.21804881273574547, 0.22952270332163474, 0.24603326567130432]
Eccentricities:
[0.989305662983654, 0.9831801299509796, 0.9811738651797814, 0.9791992545484131, 0.9821528737949426, 0.9811734417659316, 0.9826016210699148, 0.9841139608641357, 0.9810067001581646]
Solidities:
[0.6723250839080883, 0.8393051402534529, 0.7673236825891658, 0.7823079906709182, 0.8562100019544855, 0.7647806854757747, 0.827651645509877, 0.6637584368190756, 0.8248889817668879]
Curvatures:
[829.8296526140222, 726.6925676241744, 777.5123727775691, 171.11984104714452, 670.224530192639, 623.2834046956847, 332.61226509631945, 628.5468606629754, 711.6925676241744]
Curvature Stds:
[0.3406529570841741, 0.33850095835446786, 0.34187913825258126, 0.3426791277258567, 0.33464661218209085, 0.3339560886334964, 0.3397448230663242, 0.322185146668697, 0.3332710869064665]
BBARs:
[5.047210300429184, 4.515873015873016, 4.134057971014493, 4.027681660899654, 4.619402985074627, 4.333333333333333, 4.605947955390334, 4.705426356589148, 4.369402985074627]
Frechets:
[101.69685344198217, 113.71565415544158, 118.11117643982723, 913.4584008043278, 122.56528872401027, 104.44256795004611, 249.9684980152499, 115.61249932425127, 122.29574808635009]
RGB Y:
[0.13449152549297416, 0.14923338940806946, 0.13496872535421936, 0.17128525030987385, 0.15760963442988615, 0.13223925285664384, 0.1234178701420688, 0.10527217552746088, 0.1269807624901552]
CIE Y:
[36.54738045149422, 42.56853898314573, 41.12015158503026, 45.48604359189428, 42.57695742207796, 41.61060318721251, 38.33627256636386, 36.14806824890044, 39.48468135920193]
lab b Y:
[17.133137651206003, 19.17980570544217, 17.418662612839796, 21.407357403257258, 19.799268727638573, 17.5036846448463, 15.918043719292214, 13.870933337658988, 16.332039924939192]
HSV Y:
[0.18480844050708775, 0.19716926438841856, 0.18199210805081473, 0.24972483032843676, 0.2217361647545266, 0.1751089053834509, 0.17883130492017896, 0.14806802508997063, 0.18056008508160368]
RGB Y binary:
[0.17307279707304954, 0.1779000430091434, 0.15533560016478504, 0.19439946035541736, 0.18641266473494286, 0.18526680158809153, 0.13247068530476305, 0.10640560725474711, 0.1516975849364197]
CIE Y binary:
[42.641372548451955, 47.81460190950375, 42.408514651288655, 49.2002062790476, 47.40260433753052, 50.231832167410246, 38.70925490079778, 33.43358386920705, 42.408079848459444]
lab b Y binary:
[22.127395769694388, 22.942680028807562, 19.95443228086761, 24.26255606327788, 23.50499787026552, 24.363796022647186, 16.960184035873844, 13.925568238559132, 19.40580946810163]
HSV Y binary:
[0.2007898194436016, 0.20267128326670902, 0.18955201968407745, 0.25938346185852557, 0.22539335837830063, 0.19493658193080746, 0.16648052816355377, 0.12847022627549695, 0.18273852577737534]
area/perimeter:
[49.29613662129045, 54.2373383694292, 50.73398273263272, 53.29711716281486, 57.42183593247954, 49.20212525448222, 53.758141941279746, 52.048093184058054, 55.313505042131005]
Convexities:
[0.9074105583976939, 0.9547084898707882, 0.9210859527227728, 0.9364036788476282, 0.9510915022337009, 0.9523629355815613, 0.9092384045111701, 0.9554307987026063, 0.9525264201733395]
Mean curvatures:
[0.2538481653759627, 0.24190831145944555, 0.24488578670159658, 0.26654180848464876, 0.22673360290684674, 0.2294013267190595, 0.24242876464746316, 0.20567632875097364, 0.23311253443307384]
Max curvatures:
[1.0, 1.0, 1.0, 0.7071067811865476, 1.0, 1.0, 1.0, 1.0, 1.0]
Skewness curvatures:
[0.6039799082438265, 0.6996635074938529, 0.7054378423059163, 0.5078312337612481, 0.8213102877317678, 0.7836702142442522, 0.7077774175393057, 0.9338976205488799, 0.7347054955969542]
Kurtosis curvatures:
[-1.614190268096683, -1.4667147575537136, -1.4291040441417246, -1.7421074380165282, -1.2584835914233583, -1.3420830743695737, -1.4414941084278623, -1.1098944201298684, -1.4467105581402175]
RMS curvatures:
[0.4248332946403027, 0.4160559216740621, 0.4205358411607593, 0.43413537088012216, 0.40422330676504836, 0.4051563128421528, 0.4173706395146441, 0.3822381730575956, 0.4067075989917432]
Norm curvatures:
[0.29219016971434997, 0.2772869408417007, 0.2800339100025741, 0.31798137423065875, 0.25491067640475945, 0.2581351165475996, 0.27438691618679806, 0.22754067812197343, 0.2634003524776911]
Radius of curvatures:
[1.4103159155073088, 1.4056772671720799, 1.398914815840386, 1.4142135623730954, 1.4004802784869286, 1.4056828482738783, 1.40263339826374, 1.4109409947245495, 1.411738182518276]
Pigmentations:
[32.033170813018295, 30.89681602153787, 34.447988904299585, 22.329584696177953, 26.098823195803206, 57.20216926023077, 37.94595178380713, 48.893866322282086, 38.56095407490819]
