Filenames:
['B5CD2P1-01.png', 'B5CD2P1-02.png', 'B5CD2P1-03.png', 'B5CD2P1-04.png', 'B5CD2P1-05.png', 'B5CD2P1-07.png', 'B5CD2P1-08.png', 'B5CD2P1-09.png', 'B5CD2P1-10.png', 'B5CD2P1-11.png', 'B5CD2P1-15.png', 'B5CD2P1-17.png', 'B5CD2P1-18.png', 'B5CD2P1-19.png', 'B5CD2P1-20.png', 'B5CD2P1-21.png', 'B5CD2P1-22.png', 'B5CD2P1-24.png', 'B5CD2P2-01.png', 'B5CD2P2-02.png', 'B5CD2P2-03.png', 'B5CD2P2-04.png', 'B5CD2P2-05.png', 'B5CD2P2-06.png', 'B5CD2P2-07.png', 'B5CD2P2-08.png', 'B5CD2P2-10.png', 'B5CD2P2-11.png', 'B5CD2P2-12.png', 'B5CD2P2-13.png', 'B5CD2P2-16.png', 'B5CD2P2-18.png', 'B5CD2P2-19.png', 'B5CD2P2-20.png', 'B5CD2P2-21.png', 'B5CD2P2-22.png', 'B5CD2P2-23.png', 'B5CD2P2-24.png']
Areas:
[202536, 185166, 160769, 146583, 176160, 105049, 206752, 88310, 206430, 130493, 187473, 131488, 170392, 97226, 98293, 85407, 129226, 60856, 144420, 44317, 146248, 105234, 112407, 149447, 152924, 148921, 158265, 122296, 88622, 158788, 70151, 155768, 150019, 155865, 108699, 170715, 170275, 157064]
Perimeters:
[2150.1017305526643, 2115.976838871636, 2049.449926937055, 1952.4204896855324, 1990.8052659963823, 1532.3717164502532, 2239.0062761231593, 1756.2955980045044, 2188.330085889911, 2058.9646455628167, 2112.5626253092632, 2080.0529573173853, 2180.4793641885776, 1499.5676759431465, 1638.8225099390856, 1712.5554826343268, 2071.5504320004434, 1343.5849198858496, 2121.6580797387683, 1001.1168824543141, 2101.1484117468904, 1854.8986283848344, 1905.7098115668775, 2049.952452253997, 2136.479364188578, 2146.4204896855326, 2124.864140499428, 1788.5971131946692, 1712.7564927611033, 2183.14841174689, 1623.5819612930195, 2194.278354061801, 2039.2072862499358, 2201.8935777509514, 1741.4844148224613, 2148.621499812309, 2171.5504320004434, 2046.7047609329943]
Minor axes:
[292.3829300797899, 261.23257014788123, 251.1855217595289, 225.31347186089874, 269.64281085699383, 227.69894939756608, 271.6523705068457, 174.60605735203666, 278.2472337489093, 186.19707390657186, 272.8719130198948, 191.70663841343833, 240.6190109565926, 241.49964648683653, 199.57407056857178, 169.21877373323454, 198.5675844341588, 178.75337908804522, 211.36361193215637, 220.34270595977017, 214.2607381860042, 178.32878410099596, 193.17871697545664, 208.65394549640382, 210.9524480188787, 207.67813595677973, 237.2933710725622, 211.8807799705284, 159.22715639818216, 232.63443027737074, 290.6548878373285, 226.10605068123488, 233.41839749307476, 207.75756309732935, 204.85561969490402, 234.20131965675617, 234.60864182492514, 243.17345839048477]
Major axes:
[892.7401114372211, 917.1350929199745, 837.139921013286, 847.1948524836366, 844.8345608049624, 618.7815172041934, 980.9335507316175, 772.1418459515488, 962.9426483774515, 929.4097569479472, 903.3891939734303, 923.450016240654, 964.6823184693228, 526.6248665764739, 692.5176692234126, 713.3939661157461, 862.824641023533, 531.4651886469637, 901.5020268435825, 284.07047536802844, 882.6464199259351, 801.1415440246719, 787.4434250026463, 931.0525803986301, 965.9516215561096, 954.1529608967708, 883.4311883977587, 762.6073650975263, 746.3655946907178, 972.3353360215199, 559.4472001285916, 934.5425147570057, 855.5919668468533, 998.8665069138882, 710.3634772872844, 953.6399761293421, 955.9542270955016, 845.4824353641834]
Convex hull areas:
[209525, 192768, 172251, 153639, 181893, 111056, 212815, 111257, 210793, 140484, 201924, 145517, 190982, 106943, 114148, 95691, 138750, 84425, 154412, 50946, 155530, 112152, 121279, 156930, 164919, 162196, 166342, 128588, 96413, 183955, 112371, 167312, 159128, 168734, 118912, 178098, 178737, 167604]
Elongations:
[0.5075397273837583, 0.5578109072555298, 0.5392773314815353, 0.5812385169353239, 0.5172670735765103, 0.4633106005012205, 0.5674766977674659, 0.6326901878747022, 0.5526226797021305, 0.6678406880814319, 0.5371779089250205, 0.6575818115362221, 0.6020323043394304, 0.37169448447420267, 0.5543275240718779, 0.6181233052523115, 0.6266802156229921, 0.49847175283161294, 0.6215617382898452, 0.1279513044112316, 0.6105072400812681, 0.6371083055718862, 0.6069245307310851, 0.6351175529303399, 0.6429383046429042, 0.6439143570674842, 0.5775112913612771, 0.5663346401870563, 0.6497806568989313, 0.6150964950355268, 0.3167359695500161, 0.6115127304506834, 0.5725124105889148, 0.6571159027423282, 0.5535992347952461, 0.6069273824687763, 0.6070861177069395, 0.5543443115918928]
Roundnesses:
[0.5249871730272212, 0.4951435132640659, 0.45455736624309356, 0.4602714301326261, 0.5393543016696773, 0.5567306380084877, 0.4900056161122508, 0.3411207449099824, 0.5311425643277089, 0.3690360759375655, 0.5175359373672215, 0.3566658326188701, 0.42789410609850415, 0.5218606585326928, 0.43852748405417613, 0.3546741995166055, 0.3669421459490916, 0.4088665285914841, 0.3881976388551156, 0.5346296949631979, 0.3991221640869379, 0.3633358887468922, 0.3704420698699794, 0.4357229630042706, 0.4009061600345457, 0.383617825983145, 0.421108598905881, 0.45976050354600484, 0.36355214730480045, 0.39726361720553377, 0.3292233035303952, 0.3846482790790027, 0.4271655398472183, 0.37983130951488625, 0.43608509457708133, 0.45389159198335366, 0.43885622235733857, 0.4603866958547134]
Eccentricities:
[0.9451402335998328, 0.9588678478926964, 0.9541556021754137, 0.9642947537716033, 0.9480372015515385, 0.9303140832079805, 0.9611760013340973, 0.9743651956039772, 0.9575873981514751, 0.9799679416397044, 0.9535971255736433, 0.9784303579501774, 0.9686538841495331, 0.8889261078413806, 0.9580114057886654, 0.9717531158797109, 0.9733091432021738, 0.9423271662132772, 0.9723858794476656, 0.6342522312321519, 0.9703149515306749, 0.975122589216695, 0.9696206602523519, 0.9747832832599438, 0.9760979278890469, 0.9762585749604958, 0.963469029951267, 0.9609084360295063, 0.97720836908169, 0.9711876411757606, 0.8548304606921916, 0.9705077466610075, 0.9623396210161062, 0.9783586731072961, 0.9578306665253125, 0.9696212174693474, 0.9696522220801708, 0.9580155650662173]
Solidities:
[0.966643598615917, 0.9605639940239044, 0.9333414610074833, 0.9540741608575948, 0.9684814698751464, 0.9459101714450368, 0.971510466837394, 0.7937478091266168, 0.9793019692304773, 0.9288815808205917, 0.9284334700184228, 0.9035920201763368, 0.8921887926610885, 0.9091385130396566, 0.8611013771594772, 0.892529077969715, 0.9313585585585585, 0.7208291382884217, 0.9352900033676139, 0.8698818356691399, 0.9403201954606828, 0.9383158570511448, 0.9268463625194798, 0.9523163193780666, 0.927267325171751, 0.9181545784113049, 0.9514434117661204, 0.9510685289451581, 0.9191913953512493, 0.8631893669647468, 0.6242802858388731, 0.9310031557808167, 0.9427567744205922, 0.9237320279256107, 0.9141129574811625, 0.9585452952868645, 0.9526566967108098, 0.9371136727047087]
Curvatures:
[618.526045382804, 572.3717164502533, 472.44783489600206, 466.8620484583752, 547.3300858899107, 446.57777721091327, 110.48023074035524, 507.21738751770255, 421.77878733768995, 519.2173875177026, 575.5138520739843, 567.3717164502532, 578.4427842621187, 439.5777772109133, 469.1046891454945, 451.8204178980326, 531.7737367038067, 436.74935008616717, 678.4966081312812, 343.82546853191593, 549.4305909532991, 476.6904755831214, 534.8448045156721, 481.9331162702407, 571.5432893255072, 600.5554826343268, 551.8448045156721, 498.24682476922544, 470.5483399593905, 594.555482634327, 504.0458146424488, 581.5138520739843, 570.4427842621187, 618.8691911333117, 409.39401102683973, 574.6143571373725, 569.7859300126264, 554.8153672641492]
Curvature Stds:
[0.3402824474306865, 0.33838393841248077, 0.34176708989088855, 0.3386381645479281, 0.34266674914596346, 0.343072880462053, 0.3468472288220267, 0.3402454263653202, 0.30872639266918567, 0.3322288069857835, 0.3357171987114616, 0.33998330454818865, 0.337412330615114, 0.3402276736510148, 0.3413179257177398, 0.33571197365445543, 0.3371263397187753, 0.34603112007510656, 0.35437848269403427, 0.34828729896893396, 0.3369927859514547, 0.33370719377440416, 0.3414538087600313, 0.325301466317605, 0.33742869173443335, 0.3389117830454081, 0.3397854052359909, 0.34051075938574127, 0.3425975132440826, 0.3349542304831026, 0.3391315166988017, 0.3363345797818313, 0.3392318896104847, 0.34080533893111425, 0.3445179646462542, 0.33728577904010804, 0.33767563173977866, 0.336374800228131]
BBARs:
[2.9250814332247557, 3.4202334630350193, 3.5121951219512195, 3.6457399103139014, 2.9962962962962965, 2.369918699186992, 3.57088122605364, 3.533980582524272, 3.378787878787879, 4.608695652173913, 3.0, 4.009049773755656, 3.4523809523809526, 2.106060606060606, 2.939814814814815, 3.4228855721393034, 4.354368932038835, 2.4009661835748792, 4.032258064516129, 1.1482889733840305, 4.144186046511628, 4.1947368421052635, 3.8792270531400965, 4.296116504854369, 4.062780269058296, 4.165137614678899, 3.6653061224489796, 3.4234234234234235, 4.136363636363637, 3.64, 1.7668918918918919, 3.7755102040816326, 3.4897119341563787, 4.218181818181818, 3.42512077294686, 3.8412017167381975, 3.768595041322314, 3.4186991869918697]
Frechets:
[142.37714001903535, 126.3615843522073, 216.0931512103056, 166.96182198335043, 131.56842326333472, 106.12845989648582, 650.6613942750869, 82.74206910635, 131.5, 89.55026521457097, 135.5036899866568, 100.03124511871279, 108.36166296250718, 119.81756966321758, 99.82108995598074, 83.95981181493917, 106.5, 90.20670706771199, 103.67376717376484, 93.88956278522123, 104.19332992087354, 92.66202026720549, 99.35416448242117, 98.23059604827816, 101.66734972448135, 103.5434691325339, 120.17591272796724, 105.18673870788085, 86.31483070712703, 108.72097313766098, 128.23123644416754, 111.34293870740075, 112.50444435665642, 103.93387320792004, 179.83673150944443, 111.04616157256405, 114.53929456741035, 119.32413837945782]
RGB Y:
[-65.14552642819537, -64.38015272573004, -58.01783523225241, -63.1205250268292, -65.79237619523335, -60.96638978249388, -63.905595800473854, -57.90305883160411, -66.40120145264777, -50.338945135921726, -52.283649711927076, -47.604458760116096, -54.884106763545134, -55.254893617021274, -46.33275959512922, -38.40742493994012, -48.597882419154374, -53.114821363045, -37.41763932959645, -48.2024084272102, -38.98148148148148, -41.57646787801998, -41.05286717431127, -42.645308638640934, -46.24721390607072, -45.38035348950642, -46.889638606417414, -47.1682271927869, -36.75491305043303, -38.298571392257045, -55.9599758040125, -45.46496965850436, -34.75132618415302, -50.445276531266394, -46.421514844396505, -47.561902765145696, -48.39941117291987, -52.771826784282275]
CIE Y:
[57.229896569515525, 59.71146341899179, 62.20281055814028, 61.009812819174535, 57.27698286537777, 60.00553063554582, 58.883613420701835, 66.82187386265413, 57.18057852130457, 63.10999655698257, 62.40598485991474, 65.10398666813099, 62.513420671944814, 65.53190832911008, 63.09832074013349, 71.18678801412764, 69.6322170667425, 67.06779566566394, 70.04092651246745, 70.17309346402455, 69.94019372771594, 75.49003357385892, 74.18324697127215, 66.14230901011379, 67.52628489469888, 69.41934198475063, 70.52214960438808, 65.63560631506961, 74.65741195996902, 66.916325777212, 67.73788005847845, 74.5014585829503, 75.7854484773619, 67.33852597411982, 72.74103480995963, 70.7379188683921, 67.8357614347187, 67.08461625531584]
lab b Y:
[28.652426323749832, 31.203611492946237, 34.29352602502509, 31.152394629980826, 30.868162959652288, 28.667921890796066, 31.779325626796528, 35.109108927723994, 30.16332903123108, 38.04660835135375, 36.90934057854035, 39.432207146374466, 35.329410530754174, 32.75971688292498, 39.11380300763872, 42.9984661832576, 38.81145037814158, 34.636056692999674, 43.47997667564428, 39.010370335041, 42.502610440920144, 42.04471569711082, 41.94587813192742, 41.381526613679576, 39.25927849566533, 39.78344200879193, 39.84476517908293, 39.34786637643102, 44.11717147063047, 43.32726551552403, 35.45362567603113, 40.03385510602752, 45.041517613357584, 38.12720860825865, 39.61824870963442, 39.23959948996989, 39.15036978673783, 33.7283567925088]
HSV Y:
[0.25479927577277695, 0.2655311249208861, 0.2923606496140799, 0.25424027451640924, 0.258190283622155, 0.25233127003283107, 0.2659251535908598, 0.29638987055895943, 0.2651044343548857, 0.32001684949186826, 0.3251814752752267, 0.3298761278533991, 0.3102950573506488, 0.2945701861481978, 0.3446647171758972, 0.38685359369633077, 0.34592946647369194, 0.29446471462222185, 0.3834144677841075, 0.3474109511187808, 0.39380545016122026, 0.3708681159300046, 0.3652643729079448, 0.35357285357249335, 0.3454785586138249, 0.3593666814094058, 0.3397911759104514, 0.3400609109263251, 0.3873475799025489, 0.3711252337905928, 0.3123456055221843, 0.35014101622366717, 0.4033690868225658, 0.32738381174194653, 0.34710506127222485, 0.3575940222351744, 0.3351240978282509, 0.2891536087101224]
RGB Y binary:
[54.93105311442932, 62.65317880611085, 69.44640389675124, 58.850022453467126, 62.01794746802776, 56.82408554064901, 63.72593162753529, 70.80874912825715, 61.20791206843934, 77.66099543308306, 75.70763208551548, 80.32437522581041, 72.84162656686271, 67.04282118902256, 81.58894565004687, 89.58235092204626, 79.34198144753303, 69.99423807436628, 90.50475756726458, 79.85320090831938, 89.02546428990752, 86.0043373144432, 86.15289532497985, 85.35101016921685, 81.08148274341605, 82.20559449672163, 80.82071602318601, 80.79666848852231, 91.15898197413081, 89.69901046102221, 71.9912446003537, 81.38414385793418, 93.2883581646624, 77.5229516799917, 80.79510320407634, 80.46170370151196, 79.59680335253812, 66.56211792617606]
CIE Y binary:
[54.10762584710002, 59.557781736183, 62.30449802780162, 58.51587862969084, 57.22826490385142, 57.456497496222504, 58.821684773749844, 66.2607375696652, 57.06859979995304, 63.11043531014544, 62.398608729404096, 65.12839768392844, 62.50440567327907, 63.879164589524606, 63.13121500628279, 71.19029011108114, 69.6426061212201, 66.78665469693479, 70.0499950970551, 70.1730965750343, 69.94407593645296, 75.53216129575074, 74.33633135323686, 66.14340132490821, 67.62377380724055, 69.43987530736847, 70.36843369057898, 65.68431300269924, 74.68256000885339, 66.91761515547128, 67.66092415302276, 74.23010459013881, 75.84371253573887, 67.35190091174603, 72.56974059999311, 70.76177211751025, 67.82177455000287, 65.47835440008339]
lab b Y binary:
[27.28637586730184, 31.259910176496803, 34.455599903459024, 29.898070752355437, 30.872712629678944, 28.43187726746097, 31.816018258188286, 35.41732551878206, 30.16673691381376, 38.04705564617499, 36.9093263274068, 39.46595329682918, 35.383578147352964, 33.10313398447354, 39.17550225074208, 43.00281042781751, 38.89900331333208, 35.231647171885825, 43.52740330814358, 39.05027560299772, 42.50941103264881, 42.15856698863348, 42.26782222851025, 41.38302383984122, 39.46898451339969, 39.90550359158244, 39.86096241489661, 39.41934538766841, 44.19844731369792, 43.32915883313979, 35.445493606232624, 40.12199904575909, 45.12409486673362, 38.142475204029964, 39.73191625296719, 39.27683157408641, 39.1555271999364, 33.353571907742555]
HSV Y binary:
[0.2450580232092837, 0.26522937566907434, 0.2923403215904589, 0.24453784393299122, 0.258158437166456, 0.2463370704073998, 0.26584186281942057, 0.2986637692058665, 0.26502141385748174, 0.3200192106386898, 0.32519087546489683, 0.33009629599934887, 0.3103079000879057, 0.2930102420239594, 0.3446840646030451, 0.3868780836530291, 0.3460933665528465, 0.2970078118030865, 0.3835704592769907, 0.3475465528401377, 0.39382224738510774, 0.37117916610386115, 0.36633073642579755, 0.3535825379349244, 0.34636530660456966, 0.36049642759620604, 0.3398151075842889, 0.3401999238967293, 0.38734647295556685, 0.37113502617125765, 0.3123142146419838, 0.3511305341283176, 0.4034854023443834, 0.32747382666130886, 0.34755035803728357, 0.35764590030215915, 0.33513349400458203, 0.2864556708489159]
area/perimeter:
[91.68983120943314, 85.12343058616692, 75.96686632084895, 72.97972138572693, 86.66128143248046, 67.93199497142402, 89.49918353112447, 48.66697362140466, 93.13038871307616, 61.6131360840719, 87.58007312325333, 60.802722169123115, 75.88785207276315, 63.25089161336099, 58.267959580118145, 48.80977624265307, 61.14724214480258, 44.17848300701511, 66.49838854397875, 43.11639559584489, 67.8630679843649, 54.87396525516831, 57.281259157496265, 71.70200986673213, 69.55786305370813, 67.1325646335169, 72.53497761727435, 66.59927981022796, 50.346024087869765, 70.55837111335869, 42.561258547669986, 68.75985942188908, 71.11712758561603, 68.34698054040726, 61.128845857578625, 78.24073598441294, 76.82582979000243, 75.56578175792549]
Convexities:
[0.9816573329440205, 0.9668756280749283, 0.9687686233102576, 0.9567117784753286, 0.9673401828424368, 0.9671422489172009, 0.9674325026696097, 0.9543981070802545, 0.9786165992319613, 0.9293277034423504, 0.9611417892127082, 0.9612060674262731, 0.9559473400721861, 0.9286379701126094, 0.9384663611446443, 0.9347725497845237, 0.9660966306518877, 0.8708032826172223, 0.9363384182828998, 0.8809857386826642, 0.9514401130723806, 0.9683893455008038, 0.9636337039298567, 0.9688540273027798, 0.9663985106485119, 0.9583085542439996, 0.9713500740119243, 0.9781980251010993, 0.9627808983270306, 0.9671628446530095, 0.8569840900738858, 0.9691254949857625, 0.9643112812574969, 0.9610653235157818, 0.9472251162116099, 0.9618019461035422, 0.9694998843023236, 0.9577287294590667]
Mean curvatures:
[0.2521508542123131, 0.24079584200683773, 0.25468885978221134, 0.24965884944298142, 0.2540993899210356, 0.2578393632857467, 0.27078487926557654, 0.25159592634806677, 0.17909927275485774, 0.2226489654878656, 0.2389015575234472, 0.24830272054715677, 0.2386315116592899, 0.25394441202248025, 0.2604690111857271, 0.23471190540157538, 0.23708146977432307, 0.27607417830984016, 0.2783004955419529, 0.2869995563705475, 0.2310473469105547, 0.23084284531870286, 0.2525235148799207, 0.2100841832041154, 0.2370565281316911, 0.2481634225761681, 0.23806937209476794, 0.24690130067850616, 0.2513612927133496, 0.2393540590315326, 0.25214898181213047, 0.23764358482794615, 0.24834252688816663, 0.25045293044650413, 0.26109311927732126, 0.23872636358012983, 0.24082245562663837, 0.23589088744224032]
Max curvatures:
[1.0, 1.0, 1.0, 1.0, 1.0, 1.0, 1.0, 1.0, 1.0, 1.0, 1.0, 1.0, 1.0, 1.0, 1.0, 1.0, 1.0, 1.0, 1.0, 1.0, 1.0, 1.0, 1.0, 1.0, 1.0, 1.0, 1.0, 1.0, 1.0, 1.0, 1.0, 1.0, 1.0, 1.0, 1.0, 1.0, 1.0, 1.0]
Skewness curvatures:
[0.6163866199701428, 0.7099066304294313, 0.6080281258940625, 0.6226811224933906, 0.6233233238673328, 0.592170234127916, 0.5148987461644181, 0.6214006835764906, 1.1509715735502233, 0.8412873439021225, 0.7001457523245371, 0.6510259990329739, 0.7219089180511032, 0.598364444391595, 0.5484655534631826, 0.7449271265158071, 0.7351696680516766, 0.4607557597472205, 0.5260090951301958, 0.39455578960400767, 0.7988227967487794, 0.7647951449336332, 0.6255173043837879, 0.9142970828155381, 0.7387466820923639, 0.6406318149498266, 0.7533706161075993, 0.6707205060824538, 0.6490042321022993, 0.686653462865069, 0.6036428095542715, 0.7204319814159086, 0.6423851208085128, 0.6387074146987335, 0.5772555878299116, 0.7195164300929635, 0.7018594290758883, 0.7395932310670637]
Kurtosis curvatures:
[-1.5970946802540655, -1.4487488411674314, -1.597457123549884, -1.6019020659325058, -1.5645860048222946, -1.6114236690012649, -1.693032299547586, -1.5890487803490143, -0.6516997710418222, -1.2351982316507844, -1.4905221161853137, -1.5408592860304564, -1.4344121354586488, -1.6273639739313208, -1.6956869457401882, -1.4046079737090489, -1.411526047471111, -1.7727807638975288, -1.6200354868938078, -1.8299161866992348, -1.2869031395617063, -1.3826130841879598, -1.571369791125453, -1.1285411511359593, -1.4021428568841128, -1.568516184345773, -1.3556383533577196, -1.5019038757155088, -1.5222429307135474, -1.52304696857428, -1.6291646378421156, -1.4465233666592126, -1.5625477769815737, -1.5548184945267547, -1.6221710244871785, -1.4400184810369594, -1.4697499775467753, -1.4093285885785518]
RMS curvatures:
[0.42352354988762675, 0.415314732827194, 0.4262289983443755, 0.4207200346947872, 0.4265993447352037, 0.4291621355247098, 0.44003119319020123, 0.4231636330280053, 0.3569153051241249, 0.3999356723574602, 0.4120436769297643, 0.4210022427524892, 0.4132699834344624, 0.42454991969781913, 0.4293507100312412, 0.4096244716715639, 0.41214292695924354, 0.4426674688633515, 0.4505943572831583, 0.4513012164618733, 0.4085915005206658, 0.4057695286879269, 0.42468674229841646, 0.3872420535284413, 0.4123759444190004, 0.42005509280537906, 0.41488690933913985, 0.42060412448547424, 0.4249182927993988, 0.411685197807011, 0.42259826626161606, 0.4118196485925584, 0.42041917842779236, 0.42293610559184125, 0.43227565846107874, 0.4132214580716797, 0.4147532849838598, 0.41084366492231905]
Norm curvatures:
[0.29150194201727025, 0.275588678324194, 0.2957108619377765, 0.2903403648420087, 0.29411560566183576, 0.29693510378677607, 0.31396613256078887, 0.29005234840149147, 0.19737734779342844, 0.25370368567471985, 0.2732764394419168, 0.28095119575679167, 0.27018754704742665, 0.2992397526145686, 0.3060965640544042, 0.2685709855100845, 0.271246791176454, 0.3249625235736752, 0.323390481013275, 0.34816672600870274, 0.2645647148458439, 0.26141735663232035, 0.28890297426957456, 0.23806611934893257, 0.26844800364958477, 0.2827465668936206, 0.271269080751742, 0.28242356553454495, 0.2873553340409426, 0.2725365184279509, 0.3109481826429443, 0.2694644247405097, 0.28383160038426414, 0.2827850247346379, 0.30105284625056256, 0.27129587735885485, 0.27332438245759877, 0.2715531372328348]
Radius of curvatures:
[1.4099335140822138, 1.4049169986290608, 1.4079754063132595, 1.412327916413885, 1.4050328184873813, 1.4069466577700582, 1.4061965256820028, 1.4095725140551894, 1.410029586995589, 1.4028027204344427, 1.4106383528335, 1.407457255835015, 1.4055309106340788, 1.4115412168093977, 1.4135888058687616, 1.4063735580379577, 1.4047617092719642, 1.411523863916127, 1.3912507636061433, 1.411651416626458, 1.398511348897514, 1.4080312703973772, 1.4070434208140405, 1.4074833567806224, 1.403858223313768, 1.4102966492537283, 1.3980333450928961, 1.4047186956138265, 1.4028824922777825, 1.4132273396055406, 1.4130500411304743, 1.4076226488959225, 1.4095710691459993, 1.4070637310317875, 1.4055540453896855, 1.405990960638642, 1.406964825031566, 1.405695031527376]
Pigmentations:
[11.753866632230379, 1.916686156239292, 0.7818955803180168, 11.149940838171762, 0.4595404595404595, 16.252940894031784, 0.7667346154407507, 9.785058168132785, 1.1001956985269061, 0.0015480834726608458, 0.04622065525840571, 0.11594158386953117, 0.4017537527587288, 13.811105345096005, 0.22812516056106458, 0.015384797453224299, 0.6487973797966059, 8.669980318243987, 0.25021317043850205, 0.3793158604300436, 0.02554754605463032, 0.7448575076069532, 1.9647282784382745, 0.0054016826241374185, 1.295121533044063, 1.2261709593940955, 1.5113285929097535, 0.29476604493324415, 0.3587669385982953, 0.006355016650143624, 0.6437860959486124, 4.596234675439903, 0.3146535785121189, 0.05504076254119963, 3.1037015685873417, 0.19902906887468846, 0.16096579476861167, 11.847313552526062]
