Filenames:
['B5HD2P1-01.png', 'B5HD2P1-05.png', 'B5HD2P1-06.png', 'B5HD2P1-07.png', 'B5HD2P1-08.png', 'B5HD2P1-09.png', 'B5HD2P1-11.png', 'B5HD2P1-12.png', 'B5HD2P1-13.png', 'B5HD2P1-14.png', 'B5HD2P1-15.png', 'B5HD2P1-16.png', 'B5HD2P1-17.png', 'B5HD2P1-19.png', 'B5HD2P1-20.png', 'B5HD2P1-22.png', 'B5HD2P1-23.png', 'B5HD2P1-24.png', 'B5HD2P2-02.png', 'B5HD2P2-03.png', 'B5HD2P2-04.png', 'B5HD2P2-05.png', 'B5HD2P2-06.png', 'B5HD2P2-07.png', 'B5HD2P2-08.png', 'B5HD2P2-09.png', 'B5HD2P2-11.png', 'B5HD2P2-12.png', 'B5HD2P2-13.png', 'B5HD2P2-14.png', 'B5HD2P2-16.png', 'B5HD2P2-17.png', 'B5HD2P2-18.png', 'B5HD2P2-19.png', 'B5HD2P2-20.png', 'B5HD2P2-21.png', 'B5HD2P2-22.png', 'B5HD2P2-23.png', 'B5HD2P2-24.png']
Areas:
[112277, 127963, 184110, 185211, 165854, 29462, 121638, 68816, 161632, 150877, 140625, 163073, 128748, 186657, 107215, 179881, 168490, 162529, 171473, 144696, 135849, 160547, 120767, 129685, 105871, 158921, 123441, 136389, 138846, 141494, 138907, 125601, 93287, 88811, 138416, 167180, 163602, 159388, 111699]
Perimeters:
[1697.4844148224613, 1793.6681810065347, 2110.4377336282355, 2104.9646455628163, 2016.9158723275375, 682.4823227814082, 1928.437733628235, 1204.1290757631339, 1930.4377336282355, 2247.8763338082476, 1906.6803743153548, 1995.7930726875627, 1717.8103166302658, 2123.592062560786, 1783.9524522539969, 2051.8519471906084, 2244.3443712397834, 1927.5748186180829, 2023.1067811865473, 1842.3961030678927, 2077.734198184517, 1895.8103166302658, 2052.0773439350246, 1937.2072862499358, 1815.3250352560274, 1975.7514421272201, 1875.5260453828039, 2292.2022356160523, 1897.9696961966997, 1848.780879378743, 1935.5260453828039, 1997.006276123159, 1773.0651506262047, 1180.940258945177, 1970.5382386916237, 2175.9595949289333, 2008.8914857098982, 2119.9179643685907, 1794.6387437550118]
Minor axes:
[197.1903831546177, 214.57685843032638, 256.53399852165995, 263.8711094982347, 241.4011644283154, 189.039167957547, 212.95530852318353, 240.60218621011475, 251.87563241010392, 240.84567180243, 217.76849663917716, 243.8665911897657, 234.74359936653872, 259.42237753714517, 201.50127729327667, 258.24288412588385, 244.45199854280077, 268.83476154891895, 257.2967198883047, 241.33509916849187, 219.59054920655743, 256.9243691318348, 193.16649639340363, 223.3962761451415, 187.21012003903678, 247.85648153129475, 203.5547859663192, 228.40638687479793, 224.57563055220803, 243.93203215458541, 216.9836590687034, 205.78454211298506, 174.1678485543677, 308.07076029755103, 221.6121672143615, 243.83036385783365, 234.93972652761408, 235.9338190405143, 187.68251324637018]
Major axes:
[733.1527380682123, 769.5060662602209, 923.8971946195683, 902.9162209225132, 897.3503863670213, 202.37957292020815, 756.1420099657247, 405.1901582904605, 826.5892496438146, 840.5236179825217, 835.4330899579195, 865.3378848181799, 714.6796272008994, 930.3408790000311, 715.1573090289764, 898.0949404045382, 932.946083415859, 784.0516647939523, 856.0313883922329, 772.5646500068883, 835.8201119588971, 806.1574710193213, 861.4295435915554, 766.8634076126372, 754.5443896363712, 831.4254092471346, 808.4528140963907, 791.1239881940976, 806.4513946212104, 792.7977383295182, 841.7001614957567, 822.0187397408475, 729.4812297044235, 370.07987643271844, 830.82630692805, 931.5740862094048, 906.6367495030155, 879.2774907525776, 777.038426687771]
Convex hull areas:
[114705, 133839, 189666, 191456, 171960, 30492, 136719, 78389, 166939, 158369, 146659, 170906, 133807, 194006, 116086, 186391, 191690, 172092, 176918, 150033, 147212, 165565, 134037, 142826, 114442, 165714, 132714, 156217, 144705, 155905, 147915, 139059, 100180, 90738, 148579, 186881, 165480, 170648, 119004]
Elongations:
[0.5774498410441383, 0.5652869721812999, 0.5664488779047951, 0.548734021012663, 0.5772093899009507, 0.0343071489735367, 0.5613283555834621, 0.2550065501254235, 0.5340993283563985, 0.5557862931609011, 0.5878843167921072, 0.5616065192000964, 0.5067745157894606, 0.5651910377706268, 0.5611622696316451, 0.5544399363735605, 0.5862545841052096, 0.49038715975343894, 0.5389818653384575, 0.5250584071336373, 0.5847894884464863, 0.517837534827001, 0.6352403371785795, 0.5496667991507602, 0.6034936290854955, 0.5417769433471693, 0.5990232761737194, 0.5537999299279996, 0.5654582888965687, 0.5307065603907785, 0.5913228925371099, 0.6006500956135412, 0.6158586433478853, 0.09191724526690495, 0.5799771848624115, 0.5865929722595454, 0.5895863118294996, 0.5781233203722805, 0.6122401988168048]
Roundnesses:
[0.47005193008602913, 0.4795307166519635, 0.513155056294204, 0.5164611807172484, 0.502664324172545, 0.7965110432047161, 0.3855834778892593, 0.5924935313810311, 0.5321419604212909, 0.36890842882472574, 0.4654779406370381, 0.48710749964457406, 0.5213936319846931, 0.4816533551190461, 0.3965995102565307, 0.5277558463520156, 0.40059724545037945, 0.5194090479240039, 0.5006866046194365, 0.5226334500137011, 0.3808185619027623, 0.5271115041994642, 0.34217334790705245, 0.41420286213574237, 0.39276183667831893, 0.5020460043564069, 0.4165309367957288, 0.3082095963297221, 0.45745312935982896, 0.5152781443411996, 0.46218869683552805, 0.3762914642719228, 0.3623688287600811, 0.784632840998122, 0.4201809968425168, 0.42612731469509574, 0.48494116275397253, 0.42006866795297443, 0.41838651710779295]
Eccentricities:
[0.963455299838734, 0.9606617816455824, 0.9609352615284024, 0.9566082026719143, 0.963401538280286, 0.35815645549229175, 0.9597193234567764, 0.8047475647303723, 0.9527688104704374, 0.9583716776528419, 0.965733003816392, 0.959786092329501, 0.9449071016000657, 0.9606391379345627, 0.9596794176570134, 0.9580392511694454, 0.9653842992782283, 0.9397242635837483, 0.9540773151846258, 0.9502706749465348, 0.965068615767399, 0.9482033177671115, 0.9748043038031826, 0.9568446211990668, 0.9689449459714776, 0.9548138462039073, 0.9680483723580292, 0.9578805311953802, 0.9607021939817063, 0.9518429120561549, 0.9664603279737296, 0.968376777252152, 0.9713307786568126, 0.5553141893264331, 0.964016871716718, 0.9654569143115493, 0.9660944282045558, 0.9636055711929089, 0.9706466743691085]
Solidities:
[0.9788326576871104, 0.9560965040085476, 0.9707063996710006, 0.9673815393615243, 0.9644917422656432, 0.9662206480388299, 0.8896934588462467, 0.8778782737373866, 0.9682099449499518, 0.9526927618410168, 0.9588569402491494, 0.9541677881408493, 0.962191813582249, 0.9621197282558271, 0.9235825164102476, 0.9650734209269761, 0.8789712556732224, 0.9444308858052669, 0.9692230298782487, 0.9644278258783068, 0.9228119990218189, 0.9696916618850603, 0.9009974857688549, 0.9079929424614566, 0.9251061673161951, 0.9590076879442896, 0.9301279443012794, 0.8730739932273697, 0.9595107287239556, 0.9075655046342324, 0.9391001588750296, 0.9032209349988135, 0.9311938510680775, 0.9787630320262735, 0.9315986781442869, 0.8945799733520261, 0.9886511965192168, 0.9340162205241198, 0.9386155087223959]
Curvatures:
[438.19300090006305, 481.589970519733, 538.7442994522837, 538.1585130146568, 412.05086527633216, 226.8599564173221, 524.6021638285529, 348.89653634378146, 540.0874452027914, 469.69047558312144, 503.83261120685233, 564.0580079512686, 467.79098064650975, 569.2001435749994, 507.87424176719503, 507.9747468305833, 665.5676759431466, 553.5432893255071, 568.7859300126264, 489.76154339498686, 587.8569978244919, 508.2884553295681, 557.5727265770299, 504.90367901871787, 474.6194077712559, 535.0874452027914, 487.17575695736, 621.383909759073, 481.5189027078676, 483.5899705197331, 452.89148570989806, 577.8864350760147, 527.2173875177025, 158.97770542341357, 534.016377390926, 424.9503602129438, 327.8549057834388, 639.4966081312812, 495.5899705197331]
Curvature Stds:
[0.334466934048626, 0.3396668617151245, 0.33133417971064194, 0.33038634749947765, 0.3128835531332998, 0.3460473082956244, 0.33771748658323375, 0.33700785487997115, 0.3401994888967184, 0.32440278616303453, 0.3404007813449351, 0.3421002394262202, 0.33852227445491867, 0.3367355960080819, 0.33878220072487825, 0.32923225535547473, 0.3458909217645297, 0.34288570995300865, 0.3418920052454266, 0.3367357696002045, 0.3422968335485462, 0.3353066525255695, 0.33978734954672224, 0.33347050913800796, 0.3353808683992743, 0.33600819725233005, 0.33537559146445395, 0.33886165672685986, 0.332427798188062, 0.33275398827074776, 0.3235987077879717, 0.345965445740737, 0.34599495765050353, 0.34346475645145425, 0.3380980470743951, 0.331580320997215, 0.29343950775681654, 0.34405966416441475, 0.3402071009232516]
BBARs:
[3.761658031088083, 3.4377880184331797, 3.443579766536965, 3.337121212121212, 3.4875, 1.0984455958549222, 3.6063348416289593, 1.65, 3.1726907630522088, 3.1520912547528517, 3.7069767441860466, 3.298804780876494, 3.0129310344827585, 3.294776119402985, 3.6142857142857143, 3.3463035019455254, 3.0462633451957295, 2.775800711743772, 3.2115384615384617, 3.1841004184100417, 3.5785123966942147, 3.066666666666667, 3.7432432432432434, 3.5682819383259914, 3.9744897959183674, 3.2955465587044532, 3.6448598130841123, 3.404166666666667, 3.5892857142857144, 2.9516129032258065, 3.463519313304721, 3.82648401826484, 4.162921348314606, 1.1910828025477707, 3.611353711790393, 3.380952380952381, 3.6973684210526314, 3.560483870967742, 3.9183673469387754]
Frechets:
[93.58552238460818, 105.84540613555224, 122.60199835239229, 125.98114938354865, 117.60633486339076, 86.36116025158532, 106.57509089838958, 119.7173755141667, 122.5, 127.77421492617358, 104.73418735064497, 124.04535460870754, 111.50448421476152, 133.49625462910936, 100.31575150493565, 127.284130982617, 117.40208686390545, 130.20464661447377, 125.09696239317724, 116.22929923216435, 112.71756739745584, 123.50404851663771, 100.5099497562306, 109.17073783757257, 95.68307060290238, 121.88621743248906, 96.52072316347407, 104.6195488424606, 109.5, 109.24856978468871, 107.17392406737751, 101.05567772272867, 81.24807690031808, 286.74248028501114, 108.74856320889945, 196.95494408620465, 108.50460819707152, 118.0815396241089, 92.28353049163215]
RGB Y:
[-60.902658407652474, -61.37134030530621, -60.76210373852208, -57.43569256876193, -53.479679978632866, -53.20987654320987, -49.45457676348548, -40.59955039395448, -51.336875366148554, -48.361583091587235, -69.18684703030998, -63.45701077820627, -53.928470737495005, -49.787058683785695, -41.339443312966736, -54.06483062949046, -52.717089752236795, -53.112967769511435, -44.597784949391226, -51.94402803465395, -44.82643446883075, -49.67484649122807, -42.55340000836925, -49.81156286155782, -40.232615190767554, -48.29951146781715, -42.73955500012252, -34.98363151461273, -50.60642389584754, -61.083723065752665, -48.67980577184705, -46.32376196253947, -45.715586354636635, -50.88612013078846, -42.94348272547192, -46.7416431978676, -60.33111439386945, -58.76984342789209, -51.01013165736577]
CIE Y:
[56.746556289342905, 53.42315458916926, 59.25243949028959, 57.24730512256765, 56.897703701905435, 69.29757536345102, 64.6916646204716, 68.05610885632979, 59.47645114383792, 59.03854074572072, 55.291379004190475, 54.875450006322346, 57.38497554607554, 60.264759191962256, 65.14527820591626, 57.003789595423186, 58.885491286240814, 60.38018606632738, 65.29123453524561, 60.271772859125775, 65.61169929242638, 61.69235602403385, 64.21123728765312, 62.839047097057225, 63.952029705501594, 64.32142892732726, 66.2973532443874, 68.86450351001821, 64.80179994217586, 55.23146717939076, 61.67703220147604, 71.71361338404637, 67.63020873819325, 63.945923959516215, 66.79335036392291, 63.38615124489187, 58.196638938099504, 58.33260295524721, 63.0932244305362]
lab b Y:
[32.66131338677851, 32.42978923398208, 32.76513727979348, 33.787038697939174, 35.25824173026972, 36.54927107392987, 37.3194047720576, 41.093909945123876, 36.88608486044759, 37.705672285027674, 28.6946359417781, 31.462483875873623, 35.84160103037155, 37.776960485735806, 40.9484194750022, 35.65093774702404, 36.19188279924228, 35.98993961922621, 39.72594826379468, 36.71163782935661, 40.43202131568672, 37.6101716278659, 40.94093170755835, 37.303112931094695, 41.701545409916996, 38.082716743924486, 40.824220011186625, 44.31421466971143, 37.48869364161922, 32.0812635902435, 37.19010045957168, 39.31877679209557, 39.15995287539562, 36.74738691642065, 40.39621668669341, 38.647166538522235, 32.51516729293496, 33.23756626845654, 36.79116269147164]
HSV Y:
[0.28019041950291945, 0.2716903767356027, 0.28956978852551635, 0.3266416445318456, 0.32399731310406693, 0.3199613315928063, 0.33497171277040555, 0.36776868595984036, 0.322987682837634, 0.3394208397021149, 0.2547010411193708, 0.2720143752233798, 0.3037269468894595, 0.3241579318446839, 0.37278616250135244, 0.3065675796501125, 0.32321596245020345, 0.3225654213705685, 0.36369081001374987, 0.3149530711635095, 0.35278058263564066, 0.3320102404628677, 0.35745838444338845, 0.3438317115658707, 0.3706813612076346, 0.3635988846709443, 0.3655323351457357, 0.39253402520122915, 0.33729800419512085, 0.2879016668655875, 0.34221923101237045, 0.3419554704996717, 0.3624088076698761, 0.3307292634644875, 0.3824382894593399, 0.34518818051403394, 0.29083085524783137, 0.293940166378675, 0.3337783917040539]
RGB Y binary:
[66.98749898530725, 66.49207440419748, 66.89756115032593, 70.51827062425768, 74.3219709887219, 74.27295398281638, 77.59131361824419, 86.1742140243447, 76.66282403684936, 79.47239950658336, 58.468580258134885, 64.37598333674285, 74.07030943680306, 78.20248027605425, 86.48141670932151, 73.91460948571877, 75.21602636501079, 74.88347108462101, 83.3561003983502, 75.83411658729383, 83.12483738356663, 78.32429291093874, 85.4440920304083, 77.9519348618625, 87.7635726627908, 79.71254706020532, 85.27233204488064, 93.01636848538726, 77.38750508041572, 66.54349687688898, 78.74729819831042, 80.41900500657009, 82.11332435627956, 76.96182414043363, 84.95780199991215, 80.85533610533611, 67.03454992695444, 68.47308377782336, 76.72166716712618]
CIE Y binary:
[56.797122380848805, 53.43401621465211, 59.25633230746698, 57.25198149521943, 56.97593280048321, 68.68769363725991, 64.922139457531, 67.95906067436957, 59.47813080061958, 59.11459226705495, 55.584573581524644, 54.883145520727915, 57.40611544089131, 60.26601669749627, 65.2081829268373, 57.01009179605634, 58.92699931865028, 60.37982688693198, 65.28576674762509, 60.284122053498194, 65.61479031342891, 61.692648441750855, 64.24098585039711, 62.89314306140382, 63.95367858947579, 64.32545861327641, 66.29902903039007, 68.86450351001821, 64.80343516359858, 55.1078355847204, 61.88771831572531, 71.94117949923101, 67.63931172469479, 63.97837085337953, 66.88733878223006, 63.44380301017981, 58.34487301933812, 58.323191273162905, 63.04434489593678]
lab b Y binary:
[32.72923730318636, 32.48077917209224, 32.83766739449211, 33.8179667083174, 35.35153143340421, 36.679399606389254, 37.64618165919046, 41.449794649017036, 36.888552915489406, 37.796133336841855, 28.942644623948414, 31.50196905076226, 35.86702955997432, 37.7807083613765, 41.08012298447369, 35.65852717089701, 36.23021085350805, 35.9917581469027, 39.74717628296921, 36.78048532459955, 40.454966503591834, 37.61051017552152, 40.999721805821906, 37.4086051213827, 41.704195390171336, 38.09513439430055, 40.833290079423904, 44.31421466971143, 37.49106703596191, 32.157404515962575, 37.51242894670111, 39.72184349871788, 39.319686138204865, 36.80707092177526, 40.52106583351214, 38.805025511958775, 32.75880975390981, 33.414842798942935, 36.87686173136707]
HSV Y binary:
[0.2803470688632206, 0.27181505147673407, 0.2900408117549056, 0.32680325905524643, 0.3245926672758016, 0.32057851065375353, 0.33594471319384817, 0.3680988095095098, 0.3229998792770419, 0.33997245280769944, 0.25544891640866874, 0.27215092089770015, 0.3039700385082795, 0.3241755900736415, 0.37289380657065335, 0.3066285491662137, 0.32342800626016044, 0.3225789203466758, 0.3637012415363691, 0.31521629796250306, 0.3528048943224627, 0.33201348329825797, 0.3575401252248721, 0.34396035132315905, 0.3707049889808355, 0.36361982955726463, 0.3655483453021751, 0.39253402520122915, 0.33730351556239857, 0.28809515567361804, 0.3435667039433457, 0.34400031449964313, 0.3628878821531609, 0.3312136207078075, 0.3826912810082695, 0.3458691212816506, 0.2924339068093944, 0.2941660258960437, 0.3340216084872471]
area/perimeter:
[64.51416499902503, 69.58686158556213, 86.4235622139999, 86.95971359953532, 81.17120497885735, 42.904636736463054, 60.802910942663296, 56.663169620636644, 82.44466803990598, 66.26804927625274, 71.8808234733323, 79.2116970695157, 72.79227299076719, 84.28685118915134, 57.87544308855925, 86.63086595582024, 72.99566027390998, 81.66899020918105, 82.36245193827216, 77.28551521147604, 63.87295084881656, 81.76933652586244, 57.05346813864945, 65.08616214444999, 57.2343725295199, 79.39367769451032, 63.68206485862628, 57.545420115173705, 70.80702320529429, 75.88216122590939, 71.19350379998562, 61.03632647276607, 51.572800427732595, 74.15952881941853, 67.74131550840599, 74.99986107274559, 79.18243555782502, 72.69709008424267, 60.69346811743976]
Convexities:
[0.9695889011331598, 0.9695963527775159, 0.976209602395899, 0.9768673387087069, 0.9790935641789015, 0.976911696044137, 0.952068170035119, 0.9527219022162927, 0.9676799111937572, 0.8548369174240631, 0.96075990141565, 0.9676858162643442, 0.964926404982685, 0.9714667754787633, 0.9663628127537154, 0.9800002237088079, 0.9256685067275301, 0.9600344540806522, 0.969280277800158, 0.9701277158398164, 0.9542194371492474, 0.9749021643218418, 0.9202531261965401, 0.9617540134597332, 0.9677002418111661, 0.9586879378530498, 0.960830729608632, 0.821056947531478, 0.974494238224406, 0.9584491993000309, 0.9662946462493438, 0.956676745736237, 0.9427948268700541, 0.960311237312755, 0.9682144916332639, 0.9205018105568271, 0.9850749747955142, 0.956216076557177, 0.9654814828959543]
Mean curvatures:
[0.22587268087632117, 0.2516144046602576, 0.2267442337762137, 0.22526517916059305, 0.18535801406942518, 0.2763215059894301, 0.24445580793501998, 0.24570178615759258, 0.24797403361009707, 0.21157228629870334, 0.2423437283342243, 0.2501365888919151, 0.2436411357533905, 0.23915972419117623, 0.25030765981626174, 0.21848376207767023, 0.2586737955472781, 0.265743297803892, 0.25449034899893797, 0.23580238006499127, 0.24898644549957305, 0.24021193541094898, 0.24189706142170495, 0.22692300180616534, 0.23242870116124187, 0.2383463007584817, 0.2343317734282636, 0.23908576751022434, 0.22649054689927922, 0.23006183183621934, 0.20832175055653085, 0.2562689290802726, 0.2571792134232695, 0.2640825671485275, 0.2409821197612482, 0.22354043146393676, 0.15494088175020737, 0.26305907368625303, 0.24401278706042986]
Max curvatures:
[1.0, 1.0, 1.0, 1.0, 1.0, 1.0, 1.0, 1.0, 1.0, 1.0, 1.0, 1.0, 1.0, 1.0, 1.0, 1.0, 1.0, 1.0, 1.0, 1.0, 1.0, 1.0, 1.0, 1.0, 1.0, 1.0, 1.0, 1.0, 1.0, 1.0, 1.0, 1.0, 1.0, 1.0, 1.0, 1.0, 1.0, 1.0, 1.0]
Skewness curvatures:
[0.8290841424980644, 0.6148409943360742, 0.7837893051102987, 0.7897640272187713, 1.1066685939957577, 0.45882654525178057, 0.6648281655751461, 0.6441187954405374, 0.6566501713048233, 0.8844792103119248, 0.7156462286887953, 0.6556856696175726, 0.6820814856710508, 0.7088538240522422, 0.6178606318445202, 0.8563768848363634, 0.6138645533524635, 0.5173049864917804, 0.6112795856985161, 0.7445249912879952, 0.6690477536604844, 0.6816259911976975, 0.7136901369127833, 0.8061226934733752, 0.7660885372560189, 0.7093143078092002, 0.7452885962642227, 0.7328996219828113, 0.7992635334495362, 0.7626220425565631, 0.9164888772406945, 0.637044211231709, 0.6288287232357354, 0.5386634495590366, 0.7048453417053643, 0.8235805720904577, 1.372203830768258, 0.5543784636267156, 0.696570486881382]
Kurtosis curvatures:
[-1.2435222605395584, -1.6053922276440844, -1.3651022645838626, -1.3614087508411998, -0.7401857624074064, -1.7750954770798966, -1.5369132755460744, -1.5804473021080923, -1.529200776517262, -1.2073265908075588, -1.4218211191455272, -1.5149011916487856, -1.4986246924123614, -1.4649209598249924, -1.6087033196934382, -1.2273078264503998, -1.5538184382826348, -1.7264686672204623, -1.5910398677241957, -1.3967198152735532, -1.4902800243175618, -1.5290086791959616, -1.4302603166862715, -1.2997437720932827, -1.3655824616882921, -1.470556924485991, -1.406808445680874, -1.4017051496262651, -1.3229629516937742, -1.39559879586716, -1.1388728710960778, -1.5159781678938753, -1.5290778950701538, -1.6897423917130225, -1.4605703568221309, -1.2787500818130064, -0.09556888855563672, -1.6609055033346434, -1.4582088675065565]
RMS curvatures:
[0.403592118280504, 0.4227095759264715, 0.4014913276713287, 0.39987440472765917, 0.36366703342629186, 0.44283440951546843, 0.41690735514891086, 0.4170655367826872, 0.42098315119544866, 0.38729833462074176, 0.41785544701867255, 0.42379344841321004, 0.41708312520807334, 0.41302328662451676, 0.4212212056517159, 0.39513166445890485, 0.4319174252816747, 0.4338088408707998, 0.42621060637241315, 0.41108848314268864, 0.42327458262914036, 0.4124709991523974, 0.4170966689347238, 0.40335670220473985, 0.4080483157810521, 0.4119593034585011, 0.40913099050080215, 0.41471583840700527, 0.4022514249109598, 0.40454129971849084, 0.3848559151643412, 0.4305413495339752, 0.43110747910072894, 0.4332523989500962, 0.4151899221803733, 0.39989477837513604, 0.3318334244016033, 0.4331017533485629, 0.4186682598043494]
Norm curvatures:
[0.25807960120499324, 0.2889609375242467, 0.2561969710573496, 0.25597599151971456, 0.20558034236830008, 0.3346527740662104, 0.2801087211487741, 0.2925650913193386, 0.28353250550487413, 0.24067705478218943, 0.2780079650149876, 0.2863892179589243, 0.28144873092638706, 0.27266798513969465, 0.2886687872601783, 0.24763960745304509, 0.2974260407102808, 0.3114959856983163, 0.29192778773426425, 0.2698437633052191, 0.28548549219226993, 0.2740738242787912, 0.2780229737156365, 0.26071365988018386, 0.26602998225647495, 0.2718474443492257, 0.2666621169313118, 0.2735013030803965, 0.25607478356351326, 0.26408435255417284, 0.23564285289411624, 0.29490139612059624, 0.2982877187704761, 0.32217073386099526, 0.2742832146582175, 0.2558930707870945, 0.16955245344951791, 0.30243342339187335, 0.2804340716488982]
Radius of curvatures:
[1.3999770896892407, 1.4111633888651933, 1.4103934109414598, 1.4114848827790696, 1.4077750095900934, 1.4116247276082632, 1.4102900238932419, 1.4133733725914055, 1.406563179954595, 1.4123392928600946, 1.4006617673025672, 1.403188866796625, 1.407278479898051, 1.4080003589374988, 1.412480451233459, 1.4066612814322113, 1.3999303360843678, 1.413154192648356, 1.4074741677412428, 1.4045526046501076, 1.4016004819110648, 1.4130597641492146, 1.401983893650912, 1.4042536888789756, 1.404870399312048, 1.4092628026634566, 1.4069466577700585, 1.4018062436845005, 1.4068606588990165, 1.409955860557219, 1.4103181370216238, 1.3977274504378476, 1.3984125000482364, 1.410515226994764, 1.4059182306833804, 1.4058736919897443, 1.4106272977638046, 1.4082238223165324, 1.4028570577770076]
Pigmentations:
[0.32454689298043726, 0.2655864574549409, 0.8094665500655881, 0.1702391506534899, 0.31989996297173107, 5.802469135802469, 1.529460580912863, 1.943411147886705, 0.010594936866640906, 0.2954426961485502, 1.3867875146100288, 0.3059181251854049, 0.13078652037372052, 0.017277404933778946, 0.5261371350984385, 0.029119743746255033, 0.11698768644912527, 0.017964331510056927, 0.13084934722018482, 0.42830721308283853, 0.12250898399215943, 0.0012531328320802004, 0.2569360170732728, 0.532679002663395, 0.009545536984183044, 0.06598356755384957, 0.04737517050977317, 0.0, 0.010159799126257274, 1.0798613335611222, 1.2338263814513561, 3.382053981084925, 1.1717355318251161, 0.2296717843121726, 0.5141575390351899, 0.7966325539882887, 1.4101498784353552, 1.3621014556905993, 0.7612288020805115]
