Filenames:
['B3CD3P1-02.png', 'B3CD3P1-03.png', 'B3CD3P1-05.png', 'B3CD3P1-08.png', 'B3CD3P1-09.png', 'B3CD3P1-10.png', 'B3CD3P1-11.png', 'B3CD3P1-12.png', 'B3CD3P1-13.png', 'B3CD3P1-14.png', 'B3CD3P1-15.png', 'B3CD3P1-16.png', 'B3CD3P1-17.png', 'B3CD3P1-18.png', 'B3CD3P1-20.png', 'B3CD3P1-22.png', 'B3CD3P1-24.png', 'B3CD3P2-01.png', 'B3CD3P2-02.png', 'B3CD3P2-04.png', 'B3CD3P2-05.png', 'B3CD3P2-06.png', 'B3CD3P2-08.png', 'B3CD3P2-09.png', 'B3CD3P2-10.png', 'B3CD3P2-11.png', 'B3CD3P2-12.png', 'B3CD3P2-14.png', 'B3CD3P2-15.png', 'B3CD3P2-18.png', 'B3CD3P2-19.png', 'B3CD3P2-20.png', 'B3CD3P2-21.png', 'B3CD3P2-22.png', 'B3CD3P2-23.png', 'B3CD3P2-24.png', 'B3CD3P3-01.png', 'B3CD3P3-02.png', 'B3CD3P3-04.png', 'B3CD3P3-05.png', 'B3CD3P3-06.png', 'B3CD3P3-09.png', 'B3CD3P3-10.png', 'B3CD3P3-11.png', 'B3CD3P3-15.png', 'B3CD3P3-16.png', 'B3CD3P3-17.png', 'B3CD3P3-22.png', 'B3CD3P3-23.png', 'B3CD3P4-01.png', 'B3CD3P4-02.png', 'B3CD3P4-03.png', 'B3CD3P4-06.png', 'B3CD3P4-07.png', 'B3CD3P4-12.png', 'B3CD3P4-13.png', 'B3CD3P4-14.png', 'B3CD3P4-17.png', 'B3CD3P4-18.png', 'B3CD3P4-20.png', 'B3CD3P4-24.png', 'B3CD3P5-01.png', 'B3CD3P5-02.png', 'B3CD3P5-03.png', 'B3CD3P5-04.png', 'B3CD3P5-05.png', 'B3CD3P5-06.png', 'B3CD3P5-09.png', 'B3CD3P5-10.png', 'B3CD3P5-19.png']
Areas:
[148971, 173649, 153296, 171185, 150104, 286738, 158691, 158633, 119985, 152894, 190262, 166651, 200251, 188010, 166768, 173167, 229763, 158753, 134510, 136686, 127125, 139838, 234650, 287246, 181106, 172908, 178300, 160428, 142176, 112042, 179678, 160480, 126081, 176555, 155215, 133877, 187618, 153295, 161337, 180790, 183216, 167080, 252554, 137556, 162332, 237443, 181151, 151702, 113371, 156531, 197630, 175865, 178139, 177641, 220864, 216423, 160684, 208922, 209317, 180729, 192102, 282121, 165526, 295196, 137658, 170562, 176168, 243402, 167054, 152846]
Perimeters:
[2979.623591853362, 3333.3779925734125, 2928.4103884177653, 3162.9028124669403, 3361.9982668964453, 3187.096679918781, 3027.8489885977783, 2602.1505037879433, 2836.2510088513313, 3074.7018023401642, 3260.209378290989, 3200.9860735876255, 3163.2976900455574, 3975.4612536940976, 3111.263202160151, 3589.319118070367, 3107.8002153624993, 3003.8733752154176, 3021.679507763578, 2891.883476483184, 2043.275395468971, 1972.3027406794408, 3852.816592753425, 3323.9810229537425, 3246.750575575443, 3117.5201281971435, 3005.706852974047, 3419.973880278806, 2542.344371239784, 1513.3321779309636, 2510.826694021192, 2960.9028124669403, 1895.290547370621, 3356.360748630709, 2701.734198184517, 2678.1849916733495, 2970.4865068635145, 3136.4591616530447, 3020.2854967367375, 3050.8023074035523, 3427.772870152029, 3039.0449480906714, 3347.3708498984756, 2534.9789309126895, 3144.0571413994912, 3635.11810794359, 3167.5230867899736, 3146.074385342194, 3355.755626209326, 2140.067242667258, 3254.594154601839, 2949.4225817265856, 3221.1383104791234, 3028.5941546018394, 3431.7901140947324, 3373.991124221509, 3115.7068529740473, 3470.0815280171305, 3414.7678195181466, 2469.398195108946, 3352.5007922133873, 3304.9028124669403, 3186.6256838944146, 3235.422581726585, 2661.1383104791234, 2807.883476483184, 3325.9322497184635, 2653.273303427918, 3126.3931444750624, 3021.370849898476]
Minor axes:
[189.8166532874856, 229.28915041246594, 203.6812891097567, 233.47799510869604, 210.80243142983804, 291.56189956272704, 228.25174216140067, 277.155621044791, 217.23129952020443, 202.84301902484412, 211.85275276023725, 218.25372101759928, 237.90485205254424, 244.9930943480944, 217.35313169068684, 225.0455438269966, 232.01168380259486, 242.38171300218082, 225.97979591647936, 202.0983084773783, 285.63388407400583, 250.28239728860805, 293.39412806137597, 315.0908376419346, 228.58534581564095, 254.9755204736982, 278.203152714902, 210.94404200797595, 244.04712483763157, 335.60793962762256, 252.41421819713392, 218.8147439435256, 223.13073100184567, 229.3429475803063, 199.9752976043471, 217.99617924169536, 244.4496463480967, 219.8254107078721, 212.47109134087623, 239.5143291566089, 240.32491765282046, 222.88148992454177, 270.6766859947429, 224.59969946800442, 207.96322771413114, 303.64191828240394, 238.77864629744235, 207.22540976682316, 223.92185428168207, 286.74419719571654, 229.68503207188297, 229.7950372200526, 214.1110435290923, 225.8767621706446, 285.68618271002225, 256.0719094121571, 208.91055169725826, 261.5759314692642, 294.2640883231722, 245.7815469431776, 226.68344504661, 292.30826598708325, 223.8604319296324, 278.51492757081, 230.35082363054045, 227.24056947957993, 216.72767804046362, 273.271919837365, 213.67361214255763, 213.80941934974976]
Major axes:
[1280.8727164549791, 1278.2696955656236, 1251.3160230477258, 1283.7436063216123, 1289.6067248927002, 1414.9403628736734, 1218.5885029480198, 963.9824178933815, 1239.048351807912, 1266.069225557114, 1415.5109491678595, 1312.8019796171868, 1327.312820842386, 1430.7838507684748, 1318.6814558797755, 1385.4020115000087, 1453.3719252863104, 1262.8289643829705, 1171.1451724709245, 1266.2061051526725, 692.4600206376485, 755.563337103567, 1389.6813562525228, 1289.8325725073034, 1325.2554985330557, 1254.8730828479365, 1176.2857029437364, 1328.85767048644, 1009.0017072748249, 465.0646728618997, 1007.9087350866438, 1229.891472525663, 782.0578815713772, 1303.4609142783127, 1166.5103901448863, 1066.88877940258, 1248.8957953678996, 1249.4015949713016, 1306.0162731570458, 1204.416284636205, 1243.7762289693767, 1290.3240957091136, 1327.7633555897971, 1042.3130224724703, 1309.480320758511, 1265.5583998345242, 1256.2747867239418, 1306.7400764879474, 1298.801710162911, 837.4844646044393, 1352.6435419711188, 1223.4514129235552, 1378.023338809329, 1231.4689076363202, 1349.087483937442, 1246.0870854131974, 1323.3999872619395, 1336.490788308586, 1259.834464390995, 1047.827171203503, 1482.5771869011407, 1314.8344637419589, 1315.5036995239368, 1449.915247776616, 1054.595851120285, 1171.6213202536344, 1348.7886129070046, 1163.7385909633037, 1337.1027871219464, 1249.6690354871566]
Convex hull areas:
[188195, 240263, 195925, 239055, 217995, 313841, 210602, 211776, 192920, 203681, 234076, 219707, 237734, 252576, 216217, 228128, 268518, 237029, 198565, 193310, 169270, 157459, 299415, 332446, 234452, 236674, 244237, 210654, 183987, 125492, 211761, 207083, 141485, 227499, 177521, 174070, 234874, 209323, 209615, 233357, 249488, 215800, 294188, 193275, 210043, 314546, 225522, 231244, 189831, 204982, 251735, 215070, 227838, 227965, 287989, 253726, 210366, 280033, 293357, 197586, 275788, 317432, 226731, 319296, 192664, 200254, 222896, 252755, 216855, 204397]
Elongations:
[0.7425143544980556, 0.696397892937508, 0.7205223955765457, 0.6926114207639266, 0.719459900250806, 0.6589783133425454, 0.6848792356604341, 0.553862299999995, 0.7015249434731942, 0.7240601490997406, 0.7400383295964881, 0.7150723124150986, 0.6963317464650445, 0.7081518656328243, 0.7171487764865768, 0.7208192474766908, 0.725699349492675, 0.6780361157431186, 0.6771084390980975, 0.7245703195982, 0.4161893393476258, 0.5031934526403571, 0.6517012983387181, 0.6080597004949294, 0.7060050549035646, 0.6624432609345005, 0.6171597171809449, 0.7264173453662941, 0.6102217694677791, 0.16225936921517697, 0.6007974023963158, 0.6982240245771028, 0.5571201606001001, 0.7010043260545926, 0.7078506064034792, 0.6603397918766454, 0.6728728712150139, 0.7011995744683293, 0.7205211326621274, 0.6686752394842419, 0.6764339784888164, 0.7059543870621724, 0.6622018204180398, 0.6457911215321352, 0.7261980856773156, 0.6128777641796677, 0.6806809873883832, 0.7260714690520734, 0.7056448056860792, 0.49102320582708503, 0.7099216648842043, 0.6840246441922863, 0.7312390067752937, 0.6907268430590248, 0.650432324090171, 0.6591248210575519, 0.7276181250663846, 0.6727551725578036, 0.621240536231753, 0.6208857166235384, 0.7354062696301037, 0.6368894550627004, 0.7095337194934493, 0.6787229417620022, 0.6417041017502572, 0.6757523251934252, 0.7231190032685011, 0.6206668335239671, 0.7246809458866003, 0.707966993175897]
Roundnesses:
[0.20124486431494001, 0.1892864429483195, 0.21794322555006693, 0.2049182443562537, 0.15674319760181743, 0.349377875606311, 0.21105607779929075, 0.28404378887158266, 0.1807851536291552, 0.19729662307515164, 0.21715213290197155, 0.1973356265839899, 0.24713864338293423, 0.14666830070519418, 0.2088162712681898, 0.1631903558141285, 0.2963522672419617, 0.2135034810344292, 0.17798130203421744, 0.1964038125005602, 0.37735511041910796, 0.4437979097943369, 0.18991872369656465, 0.3230020763651456, 0.20950753601943567, 0.21655720379217716, 0.2442827940680355, 0.1621925728129155, 0.2735787268474571, 0.6036640024522815, 0.3511431976138405, 0.22377523907125965, 0.4298927453646815, 0.19517344963782476, 0.25642295800119136, 0.22960478462125494, 0.2563826002155904, 0.18964727337241016, 0.2174828447897236, 0.23269335847580916, 0.18921125123348478, 0.21774483026646027, 0.27205765231671636, 0.2619591068758936, 0.19829289295738445, 0.21798928465447323, 0.2173311928476408, 0.1855402776113017, 0.1221359071969106, 0.4233116262249248, 0.23033320670498056, 0.24518130520172188, 0.2044028897178708, 0.23940796933198777, 0.23225272018220244, 0.23195283381493179, 0.20328192384694066, 0.20873930043806557, 0.22055141563001712, 0.358230482264886, 0.20620457767337422, 0.311851022367975, 0.1975213407578401, 0.3165641356277202, 0.23570749094745608, 0.2681667080366872, 0.19367407888954719, 0.4304044744067442, 0.2047545302863712, 0.20458050031808464]
Eccentricities:
[0.9890222413843409, 0.9838547699370311, 0.9867188109105792, 0.9833713541117637, 0.9866002932249244, 0.9786442483634243, 0.9823544509604308, 0.957896018620636, 0.9844943642939249, 0.9871085301861259, 0.9887768452097263, 0.9861035925884418, 0.9838464061714212, 0.9852959958382141, 0.9863401271207347, 0.98675180165451, 0.9872865649760563, 0.9814204553200628, 0.9812913366703614, 0.9871641117875392, 0.9110750439087757, 0.9438057328410666, 0.9775135329652189, 0.9698418890040519, 0.98503936679694, 0.9791686653658149, 0.9715739605915206, 0.9873640438831689, 0.9702600509505804, 0.6931573481009968, 0.9684063932283685, 0.984084540177914, 0.9586990682207572, 0.9844301959687715, 0.9852601591362957, 0.9788513712353367, 0.980694109570955, 0.9844542816722469, 0.9867186704423778, 0.9800896317630802, 0.9811970830113999, 0.9850332747134485, 0.9791324121208371, 0.9765653605902774, 0.9873404160110054, 0.9707680482572137, 0.9817852849454688, 0.9873267585615666, 0.984996016553365, 0.9399323597684682, 0.9855053713857403, 0.9822395733027666, 0.9878764718867364, 0.9831272066870999, 0.9773122284504993, 0.9786666031089981, 0.98749293772131, 0.9806773322211927, 0.9723271993689656, 0.9722622751414008, 0.9883084249588348, 0.9750854451507577, 0.9854596439883302, 0.9815156634112192, 0.9758937127670001, 0.9811014992220355, 0.9870055869618376, 0.9722221705544737, 0.9871761437186997, 0.9852740108687488]
Solidities:
[0.7915778846409309, 0.7227454913990086, 0.7824218450937859, 0.7160904394386229, 0.6885662515195302, 0.9136409838102734, 0.7535113626651219, 0.7490603278936234, 0.6219417375077753, 0.7506542092782341, 0.8128214767853176, 0.7585147491886922, 0.8423321863931957, 0.7443700114025086, 0.7712992040403853, 0.7590782367793519, 0.8556707557780111, 0.6697619278653667, 0.6774104197617908, 0.7070818891935233, 0.7510190819400957, 0.8880915031849561, 0.7836948716664162, 0.8640380693405847, 0.772465152781806, 0.7305745455774609, 0.7300286197422995, 0.7615711071235296, 0.7727502486588727, 0.8928218531858605, 0.8484942930945736, 0.7749549697464302, 0.8911262678022405, 0.7760693453597598, 0.8743472603241307, 0.7690986384787729, 0.7988027623321441, 0.7323371058125481, 0.7696825131789232, 0.7747357053784545, 0.7343679856345796, 0.7742354031510658, 0.8584782520021211, 0.7117112922002329, 0.772851273310703, 0.7548752805630973, 0.8032520108902901, 0.6560256698552178, 0.5972206857678672, 0.7636329043525772, 0.7850716030746618, 0.8177105128562794, 0.7818669405454753, 0.7792468142039348, 0.7669181809027428, 0.8529791980325233, 0.76383065704534, 0.7460620712558877, 0.7135231134760718, 0.9146852509793204, 0.6965567754942202, 0.8887604274301267, 0.730054558044555, 0.9245214471838044, 0.7144977785159656, 0.8517283050525832, 0.7903596296030436, 0.9629957864335028, 0.7703488506144659, 0.7477898403596922]
Curvatures:
[791.0600999923217, 1008.6774157225245, 724.8641404994282, 856.6788950189396, 921.5819612930195, 767.1900423072329, 757.8763338082481, 778.9179643685908, 702.6509370638319, 863.5281374238571, 789.1900423072329, 923.9251070435272, 733.8347032479055, 1040.719046282867, 845.8002153624993, 980.9373003523469, 638.9818895055198, 820.6164491784257, 923.510893481154, 741.5626253092632, 651.1240251292508, 581.7564927611036, 1078.0743853421945, 957.6946596652276, 962.35151391472, 910.4190103891173, 750.3910524340095, 795.7463914933369, 595.7270555095807, 504.2173875177026, 800.8885271170677, 807.7169542418139, 591.8986283848344, 991.8073580374356, 622.2834046956847, 691.5088014401009, 679.7808793787431, 751.9768388716363, 688.9940828143394, 849.8002153624993, 825.8088373338508, 863.8002153624993, 872.8418459228419, 705.6214998123089, 920.7535341682733, 986.1088732276006, 828.0012254892758, 882.5697679841996, 874.4276323604688, 645.6387437550121, 792.8174593052024, 808.2733034279181, 805.7880220536795, 728.1778489984131, 863.6997102991108, 843.1017305526643, 807.0306627407988, 979.2510088513316, 956.7240969167505, 706.8641404994282, 896.9839815465729, 868.8418459228419, 911.4692629208114, 827.8296526140222, 751.5331880577404, 697.8225099390856, 899.812408671319, 669.6093065034893, 842.6286424872453, 894.4692629208114]
Curvature Stds:
[0.33438853032696314, 0.34221497152232594, 0.3308296222668867, 0.33689033785325734, 0.33732750752060575, 0.32767639878708227, 0.330544122184689, 0.342714412964928, 0.32965033858809156, 0.3388385125094494, 0.33074997488103774, 0.3416313165790452, 0.3247047189105043, 0.33331475486102025, 0.3370668988949633, 0.33866484528970614, 0.31218043978030247, 0.33719397514396154, 0.3433280782411598, 0.33279453769347356, 0.34257798066324935, 0.3411510185936801, 0.3391329534744442, 0.34031967959339365, 0.3418374257852378, 0.3408744432324137, 0.3308946334080978, 0.3318110156352845, 0.3229240780573696, 0.34684928365528817, 0.34542495372335824, 0.3379920794243049, 0.3444555207412743, 0.3429318293326996, 0.3255678513729553, 0.33537667766176454, 0.3265518934306695, 0.3312341469488516, 0.3229614043732692, 0.33794002935640605, 0.3297775393443331, 0.34145376137116606, 0.3360371993423297, 0.3359199364514726, 0.3416778848649815, 0.3403837787962774, 0.3336972214126838, 0.33925744241926636, 0.3329536705704543, 0.3408587031251397, 0.3281470205601111, 0.33730557547413076, 0.33037661921333067, 0.3268791335831843, 0.331052247399116, 0.33410716654077505, 0.33238756085117327, 0.3400034913250536, 0.34102362675222314, 0.3385913382007678, 0.33666307777292226, 0.3331054977719489, 0.3410607129707688, 0.3334538437982024, 0.33746823668882825, 0.3299959782826803, 0.33812138799675623, 0.33105340039960546, 0.33645687651768386, 0.3420079341200113]
BBARs:
[5.206611570247934, 4.367003367003367, 4.677902621722846, 4.216129032258064, 4.9543726235741445, 4.16969696969697, 4.215017064846417, 2.803370786516854, 4.235714285714286, 5.236734693877551, 5.340823970037453, 4.977695167286245, 4.575250836120401, 4.7324414715719065, 4.996240601503759, 4.851590106007067, 4.947169811320754, 4.23, 3.855218855218855, 5.105263157894737, 2.180722891566265, 2.9583333333333335, 3.7982954545454546, 3.687323943661972, 4.797153024911032, 3.8068535825545173, 3.7650602409638556, 4.9185185185185185, 3.5805369127516777, 1.2921348314606742, 3.4615384615384617, 4.378947368421053, 3.2, 4.5426621160409555, 4.991561181434599, 4.1992481203007515, 4.296296296296297, 4.205479452054795, 4.865671641791045, 4.01948051948052, 4.602787456445993, 4.328767123287672, 4.306451612903226, 3.9296296296296296, 5.0458015267175576, 3.934659090909091, 4.671378091872792, 5.366533864541832, 4.749049429657795, 2.288184438040346, 4.855172413793103, 4.440140845070423, 5.010714285714286, 4.1749174917491745, 4.108882521489972, 5.029197080291971, 5.0, 4.33641975308642, 3.6266666666666665, 3.5684931506849313, 4.66554054054054, 4.387301587301588, 4.431972789115647, 4.586319218241043, 3.7773972602739727, 4.177935943060498, 5.069090909090909, 4.0036764705882355, 5.029850746268656, 4.48581560283688]
Frechets:
[117.11639509479448, 122.31618862603592, 102.8895038378551, 113.12051096065646, 113.76401012622577, 152.29986868017977, 136.91329373001003, 118.95902655956797, 109.4177773490213, 110.05112448312376, 123.49190256854901, 124.84490378065098, 133.55991165016545, 118.20004230117686, 124.68460209665025, 117.81871667948178, 127.89155562428662, 111.42374073777994, 109.17073783757257, 114.65709746893124, 124.1823256345282, 119.1060451866319, 113.87383369325896, 155.2296685559819, 128.55835250966777, 140.0723027582541, 129.37252413089882, 111.93859924083381, 136.73423126635114, 127.57840726392534, 126.61062356690294, 126.00496021982627, 112.07698247187065, 128.36374098630813, 109.51826331712898, 113.50440520085553, 127.00098424815455, 116.69297322461195, 125.75472158133864, 126.34971309821007, 131.35924025358855, 125.96924227762902, 118.36490189241066, 117.40208686390545, 113.51761977772438, 172.42172136943768, 124.1541380703841, 116.00969787047978, 111.78662710718129, 112.10374659216346, 128.4065808282426, 128.56224173527778, 118.12387565602477, 119.1270330361669, 146.47952075290252, 123.02540388066198, 121.68915317315673, 131.9554849182102, 135.30059127734808, 129.37252413089882, 124.90096076491966, 143.63234315431885, 126.9655465077042, 136.49267379606863, 100.65411069598697, 117.47872147755099, 123.52024125624108, 131.05056276109616, 123.93647566394648, 124.78882161475843]
RGB Y:
[0.10885485010128308, 0.14653535643080473, 0.10362250660701165, 0.11999033606994154, 0.1477376116493266, 0.1054300174447443, 0.11761761480764513, 0.19542444151414534, 0.12320215529300257, 0.10824734227445686, 0.12178216598071571, 0.11520782633419391, 0.12621002270015633, 0.11704250436525748, 0.12092608106732644, 0.09826284549342636, 0.07344282547392605, 0.11362819275175215, 0.10540536862860465, 0.12054228541085772, 0.2334918616586812, 0.20989703566521636, 0.07885246946140485, 0.07007047739065232, 0.10289947630464218, 0.11065982185032573, 0.10115201453752952, 0.10271258518575799, 0.176696556943501, 0.17782052856415934, 0.16368793835211473, 0.09088953180673441, 0.17434771903443763, 0.1305796110118821, 0.13266412010757003, 0.14873430547692715, 0.08976821163037133, 0.09527153681653773, 0.09372150693853014, 0.16907878473618257, 0.07255522118026474, 0.12112307771536979, 0.07436069223005708, 0.21358484746136563, 0.09749010754218741, 0.18778741588175743, 0.09107467203408756, 0.1434972249444059, 0.112290991799895, 0.18036474308047548, 0.08232532633062527, 0.11402752642760804, 0.09763727661428939, 0.10125131738421661, 0.15463949606199878, 0.09089495980592917, 0.08946013916454354, 0.1268413061065543, 0.1384480192895549, 0.20837456518836178, 0.10533228720173843, 0.10544374807640948, 0.10001858790670791, 0.08734703166677496, 0.14014873326102645, 0.11328810233006441, 0.09238779090700575, 0.11276972836157313, 0.13001922667565538, 0.1089886939413697]
CIE Y:
[34.10980997558645, 31.71010115351253, 30.31144212137094, 33.87183231690084, 35.698410950894065, 27.968733452820807, 31.5737403674884, 45.349155804410145, 34.73470362068235, 25.92277234547107, 32.26700078253216, 30.081259545988345, 31.844384201866067, 30.45597834706504, 30.891988633353062, 30.615595735599616, 21.611092957942265, 33.53640526673874, 29.955352920279427, 31.668875871024415, 50.46596990685834, 52.23755555029794, 25.267142165838365, 20.661894303617498, 27.432595094506194, 28.73504827929568, 29.3385232409466, 26.871150678563062, 38.850208916072425, 49.14079124917473, 39.33133347509267, 27.77316877600379, 46.520154298122044, 30.78987917874199, 37.92806343343857, 43.36709372558568, 32.22635744122984, 31.073411515028173, 29.405864348004098, 37.047372916286626, 17.580200872503845, 31.948408394187854, 20.96613461391482, 45.917737810891964, 26.093019782076137, 40.798285430148574, 28.4948155885743, 37.498816650881096, 35.44872857860741, 46.94981894042375, 26.39019508841257, 32.9247752574248, 32.84978195919577, 30.034062577313872, 35.66567266642691, 25.42346040594989, 30.80427697414946, 35.13179519106692, 32.2457282147283, 47.02987517666308, 30.390180745900523, 26.99666470481245, 32.05386196780126, 24.05042592804964, 39.53766739875601, 37.34248024671052, 28.14004483180574, 31.971962196672493, 30.86007140480225, 32.59215546111729]
lab b Y:
[14.56533161285164, 18.389337331996312, 13.677538818657267, 15.942720502080217, 18.883099960024005, 13.604953030608478, 15.209612893973492, 24.935961003701813, 16.003916619920783, 13.863402210791866, 15.74648714369304, 14.94169232056135, 15.955398265466624, 14.825198367397158, 15.400137772413125, 12.992121874186699, 9.717428381783522, 14.917380980573283, 13.681051673239395, 15.494723707576156, 29.33856243183983, 27.058814891617413, 10.450184059240062, 9.253021344446525, 13.31363044762708, 14.211004236063271, 13.29795237218604, 13.198100821951526, 22.129701620079313, 23.203238197418564, 20.81573379595066, 11.585133943800736, 22.75047663061396, 16.249262405765634, 17.59844817744347, 20.006835157696333, 12.113928927712974, 12.597347749065268, 12.372046649092109, 21.35260581189269, 9.391966460949265, 15.323493161665155, 9.686988478550235, 26.871769661422473, 12.84816132054484, 23.40639912975294, 12.142652677119372, 18.463402994192638, 14.818590937761428, 23.38376796864866, 11.021685800346068, 14.588993609909087, 12.957383513975834, 13.2947360234552, 19.48866965210314, 11.765815873657912, 11.935792524867882, 16.23959266620927, 17.406059213570895, 26.19866758259432, 13.708085827695697, 13.240572124731646, 13.171830660783392, 11.09187562821005, 18.43037669425978, 15.231957025852576, 12.298649208177878, 14.734237399179593, 16.538445195954978, 14.18814625400838]
HSV Y:
[0.1326472513018723, 0.18091667077803542, 0.1279344659454368, 0.14653117909155247, 0.18300550552871314, 0.13362371633621092, 0.1527435054766826, 0.20465568007031418, 0.15041189647220998, 0.16619102690373155, 0.1581947448396721, 0.15451950659711888, 0.16965311912346112, 0.16028762753514442, 0.16305566157626095, 0.13734394285164933, 0.13312050281873095, 0.15281947122698636, 0.14809149649743414, 0.1695674443362023, 0.24791225064935024, 0.22654049060257345, 0.12308176940933152, 0.141604820895593, 0.14686396004590851, 0.1547545413930895, 0.13097257337514265, 0.14958575255338855, 0.20224914379670839, 0.2050359644657928, 0.18868897001862603, 0.14065026811134917, 0.1873711695315973, 0.1852821473561807, 0.17482901246765198, 0.16059208712664244, 0.11309158492779242, 0.1341192366219844, 0.12226241696597631, 0.19132079573655006, 0.14856614338662374, 0.1610715813097123, 0.13710762010187544, 0.22785111215131498, 0.1414025761947576, 0.2076797684207811, 0.12825960249885623, 0.18757369021457743, 0.14689163098901428, 0.1972979445610657, 0.11755131881437227, 0.15371244964396333, 0.1270046599816542, 0.12995381464257133, 0.1844769722039494, 0.13984477824994168, 0.1211499830263028, 0.15682017382128857, 0.16726049820888822, 0.22563146315966484, 0.13555740879185166, 0.13900176618256782, 0.12942732295446524, 0.11751762983252945, 0.16327846690189424, 0.13967279120430673, 0.13586060167017688, 0.1447207642499246, 0.17967601670665428, 0.14491882202492673]
RGB Y binary:
[0.10341212748256291, 0.16055879443014784, 0.10847615859819343, 0.14691182974737882, 0.15729067932903748, 0.11224260262911107, 0.13124801871955535, 0.19767226111157962, 0.13047020583230487, 0.1198450600031631, 0.13375423864713173, 0.12363782986043603, 0.14291181895016344, 0.13563382911603766, 0.14402364889921165, 0.15443810422865237, 0.09861631946275423, 0.13006613520611549, 0.11876284273076267, 0.13560372737997534, 0.23885761245912177, 0.21184552998110615, 0.07201097324263761, 0.07315653990638439, 0.13155928388219215, 0.12028552861144459, 0.10349261267698152, 0.12767032046948545, 0.18566236841382328, 0.17960145968316787, 0.1671768147791243, 0.11842701774765767, 0.176249029470344, 0.1551108929283431, 0.16002274001175776, 0.1603786124738282, 0.11147357086564887, 0.123850622260641, 0.09168565856451263, 0.19082816761054675, 0.10996158624576265, 0.13757192130497664, 0.07764451471042542, 0.21739356295313952, 0.12579822739746346, 0.19007394771095723, 0.10186094768543011, 0.1528976729608414, 0.12017092694691393, 0.18160399386068737, 0.10615137158041983, 0.13064613835761515, 0.10179202040056037, 0.12350690731708809, 0.17950557105033732, 0.09557023304345719, 0.09361182955280387, 0.14524426372799343, 0.1463817948417297, 0.20953982515650424, 0.11037918818401872, 0.11526230819907958, 0.11465418938257096, 0.09069524379184708, 0.14655651361338823, 0.1393269935883436, 0.09569665388355904, 0.11524474553622753, 0.15312344200117445, 0.13477302546896353]
CIE Y binary:
[31.815000202695582, 35.79360465575647, 30.511030984111265, 39.31786352888469, 37.21949168844897, 29.23641829069559, 34.06189937265569, 45.512701096849675, 34.54028223138982, 29.93890177760724, 35.6877294235016, 31.35164833528074, 35.75134693627162, 34.069041596391585, 36.72247250523196, 41.52628031083552, 26.826088630917297, 36.06029266065823, 31.53621034114713, 36.09004854945118, 50.96666140254132, 52.53037923140477, 22.844790360470718, 22.032958431446378, 35.885169376102695, 30.378899420444764, 28.942811570421142, 32.644576482121906, 40.36720024825162, 48.694408450149005, 40.04257584107589, 32.402285153619886, 46.330981355234115, 36.745045210205966, 42.878721512018764, 44.90878363656912, 34.18446089937146, 34.52050508692019, 28.30682813600887, 41.215176362198456, 27.782980699445318, 33.89232243157829, 23.081826361247995, 46.44892907388948, 35.249564149309826, 41.440739966628904, 29.74264330962978, 37.70363055084916, 34.90021292820593, 46.737646131141865, 30.78819081812934, 34.97970176736353, 31.881987293587304, 33.81940014957348, 39.849319774063346, 25.894962219159, 30.274280217350718, 37.448519441607104, 34.38952613523048, 47.20415343224184, 30.624885234138976, 29.265062078492925, 33.383179849038264, 24.98146534820137, 39.794216043885804, 39.58403828581862, 30.124183603068936, 32.27525568906641, 36.61445096421967, 36.269248346915894]
lab b Y binary:
[13.82544681907311, 20.158145438285718, 14.273721539393009, 19.4142828810335, 20.146766013070526, 14.466629177706805, 16.962143180067912, 25.225634856213286, 16.90501778647851, 15.386425591272687, 17.35974077009217, 16.041187684898897, 18.06995049408411, 17.131009329481742, 18.422685067091727, 20.263872338018132, 13.009863413778653, 17.093817189798497, 15.437996965450154, 17.57217293373524, 29.999152648187227, 27.31035827589332, 9.568403437472796, 9.717918718048246, 17.19268599978576, 15.465117737635651, 13.544051057509185, 16.367699852446442, 23.286946531926997, 23.404187133282466, 21.267134352968686, 15.287502332050677, 22.972667876077, 19.489526369237485, 21.13141349862762, 21.494565546004143, 14.695811386485188, 16.20662268654064, 12.077904297632191, 24.06837475665377, 14.386986062194453, 17.349804148266394, 10.21541679969765, 27.362610038812843, 16.70325541473185, 23.698071022540237, 13.567803874106696, 19.615843990482148, 15.794101368270526, 23.52749175716023, 14.111347187663881, 16.696169324706975, 13.504609332910235, 16.203454269269226, 22.560226147748843, 12.406008419759127, 12.544263613585292, 18.490781138654057, 18.407335015115603, 26.340466014838285, 14.332710015531026, 14.518218156960351, 15.050203160929774, 11.5256642766029, 19.24813316790956, 18.41751801110742, 12.81938441731922, 15.043358330610824, 19.57281106143024, 17.568963967012024]
HSV Y binary:
[0.11953540611612158, 0.18634226514070623, 0.13069866188674206, 0.15908513196272067, 0.18361511289727864, 0.13881285930071124, 0.1615165375483226, 0.20483016885384328, 0.15165810557601603, 0.16722056781463487, 0.1593738110611802, 0.15552093282617613, 0.17445839375521535, 0.16908372644801353, 0.1690866194948255, 0.16946282753081343, 0.14603363357802465, 0.15261001548200925, 0.1527725899676354, 0.1671864054605936, 0.2496997311400166, 0.22705272604004037, 0.10767414090830041, 0.1394479893829951, 0.15155799597534858, 0.15871057741764596, 0.12965386302142604, 0.15836069732492497, 0.20400720844816195, 0.20628820851111146, 0.1893153223465112, 0.1461718591636602, 0.18764553584411303, 0.18931774497663975, 0.18282707196118306, 0.1672906373014962, 0.12527255874927667, 0.15049969878221955, 0.11211837560624871, 0.20338809762418128, 0.16893438694158983, 0.17070328666112472, 0.13238131553742896, 0.22854588628172468, 0.14464494828600033, 0.2081308353996388, 0.13011924126223123, 0.18778232476322856, 0.1427245262065547, 0.19692586402727985, 0.12777985769416444, 0.1599463713903189, 0.11915324000281656, 0.1401017435207727, 0.19696956961163978, 0.13850529390087785, 0.11076552841155822, 0.16631844524869, 0.1693135385879145, 0.22615640241147922, 0.1354168209622328, 0.1413589678084908, 0.1338743304606707, 0.11817472165548329, 0.16388153207200967, 0.15206432007993934, 0.12080783542938649, 0.14506790742350997, 0.1810850435981151, 0.15385352710538822]
area/perimeter:
[48.55544378032469, 50.85159230144624, 51.27947485934203, 52.54411975749834, 42.977731425468775, 89.00510263465665, 51.33895056775865, 59.58862560901018, 41.25844642325334, 48.70539458639121, 57.056014271304434, 50.86724378111858, 62.47500035804982, 46.555928940919955, 52.35632958258516, 47.126975954597484, 73.33356646607248, 51.64365175776634, 43.35269324825785, 45.93461980622853, 61.47792849911178, 69.98131256555457, 59.26176682720375, 85.63386903590529, 54.65729591276781, 54.29082244146539, 58.59296347403958, 45.2174387299155, 55.35171951555797, 73.06252653290423, 70.5577523139257, 53.1712780087065, 65.38079660140012, 52.065248602768165, 55.99523981006001, 49.17888509566721, 61.58789906854, 47.810950904246305, 52.560487669234774, 57.56860078901091, 52.2380776447431, 53.514636185604736, 73.65661252918117, 53.256651878687954, 50.32025836927727, 63.887819742005654, 55.68633898221012, 47.040455960109455, 32.906726646469856, 72.31849218380057, 59.90010148715802, 58.2922016600816, 53.542295446456855, 57.89130464780584, 63.608509130194136, 62.922728316873624, 50.69886048114685, 58.620725005722285, 60.327395956098314, 71.48571152690322, 55.85713802491912, 83.38441658034478, 50.71543802903063, 85.93691544763112, 50.52366739957639, 60.04709742074841, 51.823552459042205, 91.02267522070441, 51.88421505344871, 49.594831991769475]
Convexities:
[0.9273794789685404, 0.8702049426552735, 0.9446750066211144, 0.9179325828987814, 0.8564924240847319, 0.9786671364064281, 0.9108230673436197, 0.9124932907787995, 0.9381330746379698, 0.9169481987010646, 0.9589120221115838, 0.922263763263436, 0.9639648525363443, 0.7816237901661944, 0.9418213044173458, 0.8365602642420238, 0.9349787161819382, 0.9426608047078758, 0.8586686619629804, 0.9589742452236969, 0.8857025353496943, 0.9355263930913158, 0.7823436568205723, 0.8790981664222455, 0.9182307329612445, 0.8989450745933907, 0.9434442854718071, 0.8556485226039049, 0.9634447339572054, 0.9056151901858267, 0.8809795376983248, 0.9343165463038717, 0.9563470282426754, 0.86858793307918, 0.9708639655053827, 0.9403963842918539, 0.962769422161309, 0.8781036437874503, 0.9546531406952459, 0.9158829604322853, 0.8617580375337535, 0.9321754246452666, 0.8848615010848793, 0.9461207246422275, 0.9245185815943997, 0.8673690753789902, 0.9277851491074554, 0.9398240888825969, 0.8187451970522946, 0.9360293058796421, 0.9432418752773845, 0.9526445818701224, 0.9591357165226961, 0.9332587913607268, 0.9343016387069677, 0.89827766813644, 0.9484279681977117, 0.9063036059032293, 0.9028837313203277, 0.9660859645030156, 0.9240172868161248, 0.9331950588263231, 0.9115038250311642, 0.9674400375436141, 0.941662283348128, 0.940818888565691, 0.9205996145741666, 0.9532663893889216, 0.9472150586850135, 0.9283748288155586]
Mean curvatures:
[0.2353645046094382, 0.2621984444300818, 0.22119747955429608, 0.23790027631739505, 0.24477608533679138, 0.21708829720068845, 0.22336467250464134, 0.2606820496548162, 0.21848598789298254, 0.2465814213089255, 0.21806853890777367, 0.25565166215924934, 0.20954731674697474, 0.23183761333991248, 0.24297621814492942, 0.24125364002763083, 0.18656405533007878, 0.2384126813417855, 0.26117389521525847, 0.23080069259547564, 0.2647922021672431, 0.2547094977062625, 0.24834701343980525, 0.2526232286112444, 0.2582107630573437, 0.2503214216082258, 0.22386367912709113, 0.22333606272616807, 0.2074981036257683, 0.2793448130291981, 0.2683942785244865, 0.2416867008503333, 0.2697805963467796, 0.26065896400458227, 0.20973488530356746, 0.23158365754859375, 0.20993850505829, 0.22373604250866896, 0.2057927368023714, 0.24412531323254794, 0.22039200355854036, 0.24972541641008944, 0.23900379132607938, 0.24017069428601392, 0.2582758861622085, 0.24384492414134534, 0.23258461390148197, 0.24994895723143576, 0.22956881920726405, 0.256613173193566, 0.21744856261799297, 0.24552651987482324, 0.22414131350589137, 0.21442221701955627, 0.2240466174576163, 0.22597205321701, 0.23031696996027362, 0.24955428360125678, 0.24908203512542318, 0.2497753146641089, 0.237611650740814, 0.2321244579008394, 0.24869556969189943, 0.2329289962335459, 0.24721486449267777, 0.21992515283299263, 0.24182005070446627, 0.2247765379333633, 0.24339359979412054, 0.2584424336668048]
Max curvatures:
[1.0, 1.0, 1.0, 1.0, 1.0, 1.0, 1.0, 1.0, 1.0, 1.0, 1.0, 1.0, 1.0, 1.0, 1.0, 1.0, 1.0, 1.0, 1.0, 1.0, 1.0, 1.0, 1.0, 1.0, 1.0, 1.0, 1.0, 1.0, 1.0, 1.0, 1.0, 1.0, 1.0, 1.0, 1.0, 1.0, 1.0, 1.0, 1.0, 1.0, 1.0, 1.0, 1.0, 1.0, 1.0, 1.0, 1.0, 1.0, 1.0, 1.0, 1.0, 1.0, 1.0, 1.0, 1.0, 1.0, 1.0, 1.0, 1.0, 1.0, 1.0, 1.0, 1.0, 1.0, 1.0, 1.0, 1.0, 1.0, 1.0, 1.0]
Skewness curvatures:
[0.7229348086635162, 0.5423135626691739, 0.8424385866529618, 0.7238792866520419, 0.6571807599826023, 0.855056997852357, 0.8137122577320586, 0.5617792307469059, 0.8611828728148252, 0.6557002715655562, 0.8787244454502653, 0.597349776230529, 0.9140324171902849, 0.7492839708104655, 0.6727469431334374, 0.7082186067275753, 1.0789714011654206, 0.7218127962080261, 0.5638487433917452, 0.7548304892769907, 0.5225517734715378, 0.60113707816309, 0.6412472610976174, 0.6121939744369882, 0.575337084931545, 0.640746987731341, 0.8119511134754007, 0.8285797434706087, 0.9189851614001963, 0.4419132284241091, 0.5209457013008016, 0.6963726377952365, 0.4983330846584476, 0.5643446898803519, 0.921924929244537, 0.7753140939993771, 0.9308908644125639, 0.8173459716414312, 0.9418492215989565, 0.6706892050118665, 0.8398674879035074, 0.652835366423253, 0.7026768089866363, 0.689046135950348, 0.5729807885099384, 0.7001635401828855, 0.7454109959459154, 0.6267053775877659, 0.7704360355955248, 0.5797259926427656, 0.8562221491555134, 0.6492738912213152, 0.8027037778795341, 0.8784278059736065, 0.8116432578359607, 0.8239967000911856, 0.755538095056156, 0.6388303286092178, 0.6545626878380741, 0.6210000449885329, 0.7244242944984328, 0.743703036969409, 0.658781254013898, 0.7388296585486669, 0.6339878546077523, 0.8479497573666204, 0.6964151284862015, 0.8031911956731289, 0.6615450393908868, 0.5750161030704946]
Kurtosis curvatures:
[-1.4592984201233665, -1.6962263901213797, -1.2443306038567747, -1.435123584025138, -1.5542154400972765, -1.244186166106178, -1.3090187232162345, -1.6619876538357474, -1.2129787544200934, -1.542891367364112, -1.1646665882105656, -1.616000938229741, -1.1345474947686478, -1.4173241939546906, -1.5286511025205953, -1.4495337795523784, -0.8253680666242582, -1.436451993328885, -1.6531944831742762, -1.4109884602658076, -1.7218968912553576, -1.61424569257634, -1.565418955975254, -1.6037253726632437, -1.6491306393855654, -1.5507450243632364, -1.3096451647000003, -1.2660560507157357, -1.1392214975889894, -1.788535465743393, -1.6972568363048093, -1.477147236958764, -1.7379506647676721, -1.6560518261228758, -1.108031499431359, -1.347124216766769, -1.0782774011951908, -1.2951061007638631, -1.0831400757399796, -1.5243610895118644, -1.259072014310353, -1.5251304745999439, -1.482819065045955, -1.509397611897407, -1.6543199608265606, -1.4502708321281448, -1.4215362111624787, -1.5892060191484234, -1.3778890431401964, -1.651432914432809, -1.2372827976628593, -1.568469703058235, -1.3340727875668712, -1.1982534982003383, -1.3088975811266348, -1.2570669115005477, -1.4133493081627861, -1.5616974276130526, -1.5257734895154167, -1.6052105237300398, -1.4360423090486087, -1.4304063163727205, -1.5181637053611887, -1.4368395215810459, -1.5937249639403113, -1.2393721401928441, -1.4759484033761596, -1.3268654578798955, -1.5546777579801125, -1.6480465215900246]
RMS curvatures:
[0.4089158094819429, 0.4311138028358417, 0.3979655310833141, 0.4124216788806995, 0.4167795331861542, 0.3930638002965491, 0.39893758112510824, 0.43059064070893516, 0.3954813176836751, 0.4190631633708051, 0.39616844087481057, 0.42669629577993623, 0.38644952120374865, 0.40601404503687893, 0.41551358210614453, 0.4158090863144795, 0.36367949312908443, 0.4129653538712011, 0.431376833929082, 0.4049952641959707, 0.4329833520632032, 0.4257475140377005, 0.42034200267968747, 0.4238348498560721, 0.4283989073587066, 0.42291393943090966, 0.3995074533104441, 0.39997193277897125, 0.3838429668464595, 0.4453514905538144, 0.4374401529346201, 0.41551306492273404, 0.43752848585476867, 0.43074973602477573, 0.38727657812073185, 0.40756411319328334, 0.38821426430421774, 0.3997172460907514, 0.38295524442859435, 0.4168940297033507, 0.3966432410725675, 0.4230289053430153, 0.4123636885203118, 0.4129457181027397, 0.42831088052801286, 0.4187140598273858, 0.4067547642035029, 0.42139066607833636, 0.4044255054995371, 0.4266555708679113, 0.39365510854948804, 0.4172029760293861, 0.3992343158384264, 0.3909307548961516, 0.3997405124605273, 0.4033496839827898, 0.40438520900284425, 0.4217578862060108, 0.4223019941054768, 0.42075147310513533, 0.4120695626994444, 0.40600620266401904, 0.42210412970795197, 0.406752238137866, 0.41833001326703784, 0.39656578083762895, 0.4156958142001957, 0.40015102888965587, 0.4152633792869009, 0.42867460680644337]
Norm curvatures:
[0.2660780493780851, 0.30374601995837136, 0.2501407918216012, 0.2710737207574673, 0.27948993402467737, 0.2426392973198921, 0.2541839013521436, 0.3011399479563443, 0.2490779343278184, 0.282401558574628, 0.24420852858504663, 0.29277573626900627, 0.2338501688802224, 0.26371417859438295, 0.27580345132688977, 0.2777607163198525, 0.2075145801809666, 0.27384637009925056, 0.30558645053402295, 0.2603372397105901, 0.3210234796437492, 0.2970089637000623, 0.28452609576759474, 0.2910424602022789, 0.2997825897196971, 0.29321683171992524, 0.25477639891970155, 0.2517404920707826, 0.2349305091896436, 0.33914149070928634, 0.31968523453880776, 0.27828428147716255, 0.31388722171543937, 0.3039579103404479, 0.23328411403839713, 0.26267150733192723, 0.23437362462841235, 0.2546885193685051, 0.22976428098084364, 0.2798878833226783, 0.2489729874251654, 0.28674254786859954, 0.2722985388067525, 0.2783085145394299, 0.2966522432178039, 0.2804604949005696, 0.26136919610030895, 0.2852675390343813, 0.26215686647179054, 0.3024803714600897, 0.24386816935598737, 0.27911562721450445, 0.25079806656337655, 0.2425497016498921, 0.25201290256585035, 0.2544253840452688, 0.26065862587331273, 0.2857878960619774, 0.2857443494601485, 0.2864334979497113, 0.27015489176172763, 0.26310067721375985, 0.2866966451985077, 0.2621508666467582, 0.2828796520233053, 0.24857446091788046, 0.2737199801487575, 0.25299900430442296, 0.2753707334304806, 0.29887520953023244]
Radius of curvatures:
[1.410870134515375, 1.4124682805091637, 1.405244371061867, 1.4062876789000658, 1.4116645558354146, 1.4096111894578383, 1.408773609396338, 1.4100600991223167, 1.4053826133275773, 1.4090998146894766, 1.4014338335884442, 1.4091155492977339, 1.4085943861393517, 1.4102579076164625, 1.4107386163800322, 1.4045666671795443, 1.4123766951341903, 1.4059364885811043, 1.4087927536276428, 1.4106461728406952, 1.4133130981070665, 1.40966176498438, 1.4098476750226543, 1.4102218823798778, 1.4105479556264306, 1.406759014693454, 1.4083242700170795, 1.4049262627683172, 1.4112548940704304, 1.4113006681229328, 1.4083277568686816, 1.4069082085393543, 1.4117332416403225, 1.409466128993461, 1.406147547985532, 1.403943804628308, 1.403324667463182, 1.4071531039235536, 1.4086565176766557, 1.4093649086329418, 1.4074290298859495, 1.4046284551446266, 1.40983213331626, 1.411299497110169, 1.4110223947122855, 1.4021899466293188, 1.409950644063938, 1.4108838713572343, 1.4088254184723068, 1.4119401619209928, 1.4086411826102283, 1.4123984284450797, 1.4101991578038402, 1.4085504863250258, 1.4080720103774478, 1.4011924053571183, 1.4113016919873438, 1.4084981973149333, 1.4052559238131999, 1.4125533877744054, 1.4066465155624666, 1.411170360690354, 1.4048069896958675, 1.4110191133059504, 1.4134334991671196, 1.4061746883331678, 1.4066704808730308, 1.408936956482992, 1.4128212478777231, 1.4102686713028751]
Pigmentations:
[21.18583085549808, 9.662151134323485, 12.8150804355693, 30.569629970827577, 8.87182955698343, 7.455284752161777, 14.871373941372223, 1.9203481824139883, 16.946498992942132, 14.499017161615694, 10.945552971836284, 10.282262945120918, 15.64075164321142, 19.42573670162573, 19.06513558317099, 55.08798820583624, 31.68836963130476, 27.61964759559399, 20.678288287608716, 18.80962057117523, 3.8036547403106606, 1.4345991561181435, 17.781364422676564, 9.86802250865785, 27.766788480236027, 10.42073734336426, 14.37461846299939, 26.913110526848012, 5.5990101826042435, 8.788647734225966, 2.4246160744311176, 33.046289714864415, 5.106192138898677, 17.234729264189166, 33.030167293123256, 22.34126263543369, 52.603608599904156, 45.56327058637168, 18.585616953058462, 13.628024565681876, 39.47627074902398, 20.06753730891662, 11.727498383762601, 2.2534860557768925, 32.72879220665827, 1.1881146061211052, 25.698124574654425, 16.21020427248801, 33.696805163517375, 4.056874594601537, 39.58679333023318, 23.249706110043867, 29.585219001874812, 27.37374655052977, 17.63679068534715, 9.538714146441583, 35.68028110477198, 23.99850949952091, 6.799494296357776, 0.7759294406609356, 13.171779722599602, 10.939043658450466, 29.707348399131526, 7.347098309117173, 13.527510467935063, 47.679005034053894, 33.91030008760428, 6.625759266146027, 21.668197973838826, 33.42619671633317]
