Filenames:
['B4CD1P1-01.png', 'B4CD1P1-06.png', 'B4CD1P1-10.png', 'B4CD1P1-11.png', 'B4CD1P1-12.png', 'B4CD1P1-13.png', 'B4CD1P1-16.png', 'B4CD1P1-17.png', 'B4CD1P1-18.png', 'B4CD1P1-21.png', 'B4CD1P1-22.png']
Areas:
[63508, 57993, 58356, 60765, 55448, 59274, 58739, 55228, 54020, 54444, 54353]
Perimeters:
[1009.3422791987304, 980.8275605729689, 991.7270555095807, 981.1585130146568, 951.732106143464, 1002.5432893255071, 993.4722215136416, 922.0630585851519, 936.5605332682102, 958.5605332682102, 936.4427842621187]
Minor axes:
[274.78385741429884, 255.39706417515973, 262.8901671361746, 271.5136418754479, 251.36765130607105, 262.590662996236, 266.39769953775647, 241.53859707715205, 240.15655390470695, 260.82980390591194, 254.8361351605849]
Major axes:
[294.3369062480514, 289.54726291258027, 283.8576586249562, 285.27676291066757, 280.9934046931543, 288.8119817729576, 282.37884107191564, 291.8865861717211, 288.7343508424977, 266.4354649391661, 272.08016743072557]
Convex hull areas:
[64086, 58729, 59060, 61466, 55989, 60270, 59531, 55919, 54803, 55287, 54956]
Elongations:
[0.0345374771667068, 0.06312019506896249, 0.03873374103406901, 0.02489353035627678, 0.0557771387580868, 0.04772961625718812, 0.029103657440144613, 0.09483527218591743, 0.09239993054682989, 0.010667748892005125, 0.03281304065261706]
Roundnesses:
[0.8643128180493519, 0.8664419129120634, 0.8636811923464252, 0.8719224130086217, 0.8699887103915734, 0.8480103507517057, 0.8438771904192568, 0.8487238244076476, 0.842117762194608, 0.8511202181316537, 0.8669996660069319]
Eccentricities:
[0.35927671654319304, 0.472641436671416, 0.3789400246240198, 0.30788922463659846, 0.4473895728860611, 0.4170371525833059, 0.33154666134755156, 0.5625565201093201, 0.5565243283696516, 0.20438921728748152, 0.35077733245846976]
Solidities:
[0.9909808694566676, 0.9874678608523898, 0.9880799187267186, 0.9885953209904663, 0.9903373877011555, 0.9834743653558985, 0.9866960071223396, 0.9876428405372056, 0.9857124609966608, 0.9847522925823431, 0.9890275857049275]
Curvatures:
[431.31074990615446, 433.683332908185, 416.91378028648444, 394.18942956259485, 417.4528855298854, 476.1808075912433, 473.4148263070111, 308.37824638055173, 381.3107499061545, 442.54476862192223, 377.08535316173834]
Curvature Stds:
[0.37952554844202196, 0.3879427796561825, 0.39301416619945523, 0.3684097690132362, 0.3722935505236595, 0.3843034303974098, 0.37312097251438553, 0.35371230504928236, 0.3643681436271778, 0.3733729174279339, 0.3823889704436564]
BBARs:
[1.03971119133574, 0.9637681159420289, 0.9823321554770318, 1.036231884057971, 1.0941176470588236, 0.9415807560137457, 1.0452830188679245, 0.8229166666666666, 0.8671328671328671, 0.9527272727272728, 1.0113207547169811]
Frechets:
[136.44137935391888, 124.13400017722783, 123.56476034857188, 130.8061542894676, 125.40035885116119, 122.48775448998973, 125.14891130169691, 116.40983635415007, 119.14801718870524, 123.53643187335467, 125.06898096650504]
RGB Y:
[0.14906671535788824, 0.2926202484327411, 0.22187500633502874, 0.2551239516915557, 0.2770296126363, 0.2005185251004287, 0.1912312438210049, 0.17032936830450163, 0.2350747751776221, 0.22897254292987781, 0.26295588044828083]
CIE Y:
[44.99555085636663, 65.69295828267406, 65.0918608614366, 62.66317056075762, 64.33317067803682, 57.17260747148673, 60.090505612399056, 57.592552180245434, 62.087003065724595, 63.20707961093625, 62.546201398243795]
lab b Y:
[19.359807499488337, 36.295931191839365, 29.237723779756376, 32.25050335094541, 34.64942820951036, 26.077194704834017, 25.581848554226344, 23.014126466213227, 30.100059054814576, 29.733519584897977, 33.08896467370335]
HSV Y:
[0.1804586446402266, 0.3419279723745147, 0.2588998342558714, 0.2991774490957762, 0.3240999815545891, 0.23115901314685985, 0.2215900064213401, 0.20001903354105435, 0.2824394857815254, 0.2622873609994154, 0.3034415691526683]
RGB Y binary:
[0.10495220786927634, 0.32036025359642456, 0.2278172807584572, 0.288509750125171, 0.30575539310432415, 0.2667713231379801, 0.15794397759103643, 0.026939471440750234, 0.25669556080903594, 0.15517242816361398, 0.2754542130119453]
CIE Y binary:
[32.24442421156391, 67.68362901867289, 56.55825187867031, 66.65989591954914, 65.58555510905475, 64.42543647220957, 44.50524313550113, 12.132074973120439, 62.0813833165081, 44.11118741758468, 63.42269684321173]
lab b Y binary:
[13.570040101958114, 39.6079519590359, 29.30063041698335, 36.47500026556036, 38.00993926760452, 34.238188148456864, 20.46174000464276, 3.6707342992469982, 32.459575176128205, 19.889710326586748, 34.63217189482495]
HSV Y binary:
[0.12685237556561085, 0.3544662724013334, 0.27665664806068413, 0.3146556921239836, 0.3406342303458348, 0.28293347350742687, 0.17075962236746547, 0.08191721132897606, 0.2980480342976145, 0.1714156808604712, 0.3090444913412215]
area/perimeter:
[65.78313219497612, 62.92932986213597, 63.02613718245672, 64.62273537182716, 61.656881188494495, 62.93235726013087, 62.505977399554595, 60.77323753971194, 59.861660130802825, 60.42506571990883, 60.93351133799091]
Convexities:
[0.9374885450358886, 0.9325276753932866, 0.9195455159136918, 0.946174667516487, 0.9290484039587478, 0.926777064182557, 0.9218625188334935, 0.9640884665491127, 0.9486283089419596, 0.922325360226486, 0.9396419490324388]
Mean curvatures:
[0.3436739043076928, 0.3528749657511676, 0.3343334244478624, 0.3271281573133567, 0.3601836803536544, 0.3824745442499946, 0.3864610826996009, 0.27806875237200335, 0.3330224890010083, 0.37856695348325253, 0.31983490514142354]
Max curvatures:
[1.0, 1.0, 1.0, 1.0, 1.0, 1.0, 1.0, 1.0, 1.0, 1.0, 1.0]
Skewness curvatures:
[0.28182316846349037, 0.28613284479571294, 0.42490663349317276, 0.29718581660682636, 0.13358842317822228, 0.1054478913438153, 0.00434515128671371, 0.5216001001073104, 0.22555415094568176, 0.04549128227528568, 0.44833657296542334]
Kurtosis curvatures:
[-1.7208555271535646, -1.696973058241106, -1.597539702101837, -1.7607609176565298, -1.8124198332720525, -1.7638679940749433, -1.8134875207123908, -1.630354626650767, -1.829644736152762, -1.8152109683033462, -1.5900626226414138]
RMS curvatures:
[0.5120072210646163, 0.5244238188157104, 0.5159835012250755, 0.4926850811741901, 0.5180103969560997, 0.5421954477994608, 0.5371884479132333, 0.4499273561242961, 0.49362751368895796, 0.5317144663616346, 0.4985134815266111]
Norm curvatures:
[0.4250807713507032, 0.4399628989426372, 0.41780404084124717, 0.40060433069035384, 0.43713499955401786, 0.47149972735058215, 0.474580733861798, 0.3334210025123723, 0.4057346904898608, 0.4597239152811788, 0.40023039416412626]
Radius of curvatures:
[1.3552456593963695, 1.336321029554253, 1.3162524405455662, 1.3780276191918024, 1.37483410397847, 1.3486734417444408, 1.3729854628522895, 1.3928723483866594, 1.3890142581983063, 1.372861126861638, 1.3390538433941064]
Pigmentations:
[64.83537367562516, 23.123936521165398, 98.9023675776269, 31.154521655565496, 30.519209480427563, 79.8078718240296, 98.80073326594596, 99.91615325726367, 76.35638694291251, 91.30201689682583, 16.36723592428812]
