Filenames:
['B4HD1P1-01.png', 'B4HD1P1-02.png', 'B4HD1P1-04.png', 'B4HD1P1-05.png', 'B4HD1P1-09.png', 'B4HD1P1-18.png', 'B4HD1P1-21.png', 'B4HD1P1-22.png', 'B4HD1P1-23.png']
Areas:
[59432, 55569, 60884, 67024, 63667, 65790, 67146, 62368, 54170]
Perimeters:
[984.5727265770299, 991.0285706997456, 1039.7148622007608, 981.9625535217637, 1063.8986283848344, 1054.780879378743, 1376.1646096690667, 1017.2001435749995, 985.1240251292508]
Minor axes:
[258.4616069099128, 220.38885743859987, 266.6621902591734, 279.26468300289974, 268.01661833175035, 256.1561741941611, 253.51394013109925, 267.1162602050199, 232.24644624282968]
Major axes:
[292.9783241203605, 324.8083690544534, 294.9174796299389, 306.57453941499256, 307.74494469477423, 329.5243138944366, 344.6415221898951, 302.08502415583627, 301.3282237737861]
Convex hull areas:
[60083, 56877, 62614, 67717, 65772, 67317, 72432, 64205, 55742]
Elongations:
[0.06295510405146733, 0.1927370411552638, 0.05069322586692703, 0.04691156409586827, 0.06940780265175928, 0.12604969868800767, 0.13493769549103216, 0.061633826748789165, 0.13026728321217326]
Roundnesses:
[0.865961243984326, 0.8178786266405419, 0.8289479857237305, 0.8606820319237555, 0.811713516303754, 0.8392186240762762, 0.7980740304752383, 0.8398783559283748, 0.8118174569840025]
Eccentricities:
[0.47209624601152234, 0.7361526549106127, 0.428577164957153, 0.41377091069808564, 0.4927093398933694, 0.6305845747198213, 0.6473283377485191, 0.46769724784442884, 0.6386552945650947]
Solidities:
[0.9891649884326681, 0.9770030064876839, 0.9723703963969719, 0.9897662329990992, 0.967995499604695, 0.9773162796916084, 0.9270212060967529, 0.9713885211432132, 0.9717986437515698]
Curvatures:
[411.67471093683343, 425.7127701597078, 514.7077195258246, 283.13560569343247, 501.2518754031088, 399.3279938488576, 205.19090885901, 396.44069222106566, 409.5290039756342]
Curvature Stds:
[0.3720167067761564, 0.39063231432570983, 0.38328632270491353, 0.3356579014563993, 0.38793360966647356, 0.38196888318939504, 0.36756469914904355, 0.37530200009744563, 0.394945412955669]
BBARs:
[1.124031007751938, 1.1078066914498141, 0.959731543624161, 0.9105960264900662, 0.9864864864864865, 0.9802631578947368, 1.199248120300752, 1.0747330960854093, 1.0148148148148148]
Frechets:
[126.97736018676716, 101.48522059886356, 119.60037625358876, 131.8758886225985, 118.20427234241578, 121.5082301739269, 222.67296647774737, 120.79424655172944, 111.85369908948027]
RGB Y:
[0.23991103283204623, 0.21475640449789005, 0.25697957502829144, 0.20829509609644617, 0.27861314988263186, 0.17404157571473156, 0.1844437368191194, 0.26208984699521004, 0.2621993303714587]
CIE Y:
[63.9608380006386, 64.37870263407578, 66.73621283497437, 64.15943651415316, 65.99217749989519, 65.27688446643617, 62.508621830406625, 64.79802522735264, 64.52005670960975]
lab b Y:
[30.9000972903451, 27.868585296700196, 33.167643403859714, 27.25625527839431, 35.09753440024936, 23.768270821730148, 24.533547611810235, 33.05598553673705, 32.827010202750714]
HSV Y:
[0.27869344844176736, 0.26852817485914304, 0.29944912022217735, 0.25431055633932403, 0.33566245584015736, 0.20517981369615212, 0.22766999334664004, 0.31466440458334033, 0.31623247687285827]
RGB Y binary:
[0.26079162013181684, 0.1572485291272632, 0.23837387643645466, 0.18884183376320823, 0.3311813103821529, 0.13761372245961756, 0.04596542666911003, 0.2821302713170538, 0.2802057430275582]
CIE Y binary:
[60.81996748996104, 43.80819420032588, 57.34238682153876, 48.09379656418893, 69.31212696584807, 35.392682692235, 17.738541728621048, 65.41997596536523, 63.37207315511133]
lab b Y binary:
[32.92904769772833, 19.803691860560075, 30.52479693998271, 24.078957134267974, 41.32286089837241, 16.623588948499396, 5.989456851818424, 35.42516732242047, 34.824641766186225]
HSV Y binary:
[0.3017178216882106, 0.22479075563078946, 0.26613042516751495, 0.2270284522319566, 0.3577643763387708, 0.19989516037628924, 0.08382036685641997, 0.317862056312017, 0.3243446727771769]
area/perimeter:
[63.690778721039386, 59.829709492532366, 63.05560764151533, 67.45207179786148, 63.82193929217708, 65.98062924880576, 64.39171821842726, 64.25956169530767, 58.8484478635386]
Convexities:
[0.9329410770424444, 0.9169513274747415, 0.9048147567063591, 0.9908646590276738, 0.9027787546797033, 0.9282425525321921, 0.7643734416856385, 0.9416652706043888, 0.9144532385466506]
Mean curvatures:
[0.34050844577074724, 0.3463895607483383, 0.40180149845887947, 0.24137732795689043, 0.37944880802657743, 0.30002103219298093, 0.3104249755809531, 0.31588899778570967, 0.3232273117408321]
Max curvatures:
[1.0, 1.0, 1.0, 1.0, 1.0, 1.0, 1.0, 1.0, 1.0]
Skewness curvatures:
[0.2439082239586216, 0.3398088086601788, 0.005718625476811968, 0.673404133097431, 0.14459108255886924, 0.5788050140514707, 0.4008025615451149, 0.4242170342494902, 0.5040349701810553]
Kurtosis curvatures:
[-1.7728584374585512, -1.6615017310535727, -1.7645657293424954, -1.5407954072545063, -1.7483026183445882, -1.4536220362639236, -1.6828231360492305, -1.6300604009658137, -1.5265657685195617]
RMS curvatures:
[0.5043237370596259, 0.522091306948207, 0.5552952812121277, 0.4134358974033606, 0.5426544788552383, 0.4857086034682682, 0.4811106666090061, 0.4905481120126783, 0.5103506385515051]
Norm curvatures:
[0.416927516636436, 0.42780918983796856, 0.4915556271774197, 0.2875083253784021, 0.4678984787834899, 0.3772805722637976, 0.3675176462148063, 0.3880261796244794, 0.4127922972059467]
Radius of curvatures:
[1.3727181071085275, 1.327482924764288, 1.350022571712937, 1.4131780284671622, 1.3401571981912388, 1.3281845917263757, 1.3741283789176344, 1.356379970645531, 1.3047088274928516]
Pigmentations:
[71.36736214605067, 90.64705243730323, 78.62576484207045, 89.38629676334594, 51.27459502173054, 95.05374371206214, 99.51461448898432, 43.06189976595916, 38.01293487957181]
