Filenames:
['B9CD2P1-01.png', 'B9CD2P1-02.png', 'B9CD2P1-03.png', 'B9CD2P1-04.png', 'B9CD2P1-05.png', 'B9CD2P1-06.png', 'B9CD2P1-07.png', 'B9CD2P1-08.png', 'B9CD2P1-09.png', 'B9CD2P1-10.png', 'B9CD2P1-11.png', 'B9CD2P1-12.png', 'B9CD2P1-13.png', 'B9CD2P1-14.png', 'B9CD2P1-15.png', 'B9CD2P1-16.png', 'B9CD2P1-17.png', 'B9CD2P1-19.png', 'B9CD2P1-20.png', 'B9CD2P1-21.png', 'B9CD2P1-22.png', 'B9CD2P1-24.png', 'B9CD2P1-25.png', 'B9CD2P1-26.png', 'B9CD2P1-27.png', 'B9CD2P1-28.png', 'B9CD2P1-29.png', 'B9CD2P1-30.png', 'B9CD2P1-31.png', 'B9CD2P1-32.png', 'B9CD2P1-33.png', 'B9CD2P1-34.png', 'B9CD2P1-35.png', 'B9CD2P1-37.png']
Areas:
[307540, 213137, 196586, 191466, 300343, 279266, 274675, 244418, 170004, 286197, 300845, 208722, 316712, 280664, 218020, 203311, 222204, 210194, 242819, 244955, 297796, 119620, 328362, 250107, 310566, 284293, 261385, 211684, 230607, 309018, 306617, 229843, 254484, 302885]
Perimeters:
[2733.0550493584383, 2519.3910524340095, 2441.876333808248, 2436.722004875697, 2885.682466356407, 2487.658079738768, 2985.245958217448, 2561.3393206059, 2097.7585848021563, 2707.5992052357224, 2767.6580797387683, 2449.2316728675755, 2748.5108934811537, 2742.701802340164, 2614.628642487245, 2529.190042307233, 2447.4154390516487, 2418.2611101190987, 2589.5992052357224, 2621.581961293019, 2773.866232540481, 1550.6458864299486, 2826.912913734707, 2607.1555544218268, 2782.8956697920044, 2614.2438661763954, 2644.1505037879433, 2519.072293301141, 2451.859089865545, 2703.280446102854, 2738.6946596652274, 2569.3981951089463, 2471.197184982169, 2805.8489885977783]
Minor axes:
[335.112611287219, 249.11416993041738, 258.15570390570736, 234.2088717125191, 325.64328973036197, 343.55441247392037, 292.82889234927745, 309.669189987703, 275.05636763911144, 323.0180728259412, 324.02246824293405, 262.0864301893053, 351.0650169034445, 361.38402297850405, 273.9311820322159, 237.43930724253752, 289.13739820564246, 282.0844391913997, 286.6769757755803, 302.12379559330344, 325.32630378868186, 277.87435441823766, 375.6789922264752, 290.6387627328271, 342.2782389550933, 323.6627794452432, 314.17467678766104, 253.20476659503552, 283.57802700387396, 350.58958352859736, 336.2613150142903, 279.4999047501896, 319.6193015329392, 331.1449876883418]
Major axes:
[1185.7712356303664, 1117.1554674412405, 1021.1823735973798, 1063.6062893789365, 1217.7476650831447, 1056.294208726712, 1235.3878351419496, 1039.1403346354973, 818.7793453348922, 1155.4509122033105, 1192.9987915643314, 1058.7916323324691, 1158.8502735036554, 1018.5650967520115, 1065.8155335608833, 1131.4635838737668, 1000.885943806539, 976.257010020652, 1095.7981378679733, 1087.194200142924, 1183.1750794577113, 565.9928215563438, 1162.1644387205163, 1125.3701348614543, 1175.3695784129347, 1123.7384286080128, 1095.2402787398769, 1104.187758785513, 1046.9933938607144, 1133.1048773753769, 1180.471331146577, 1098.849350409134, 1025.1223555542936, 1197.6446402134582]
Convex hull areas:
[314295, 219162, 206715, 196767, 311958, 285575, 299506, 256617, 180160, 294608, 306537, 215148, 322085, 298065, 230998, 213524, 235598, 220697, 254346, 267912, 306182, 128306, 338884, 259310, 321723, 290818, 275531, 219875, 237203, 314790, 312376, 244661, 261324, 318858]
Elongations:
[0.5602141668350936, 0.6363995796720967, 0.5971018599140916, 0.6400615452837741, 0.5786597819395289, 0.5100885483434985, 0.6175437605067514, 0.5416601568481356, 0.4976853682319922, 0.563804420505324, 0.5735136506179676, 0.6041268533814341, 0.5358002062851375, 0.47718291306498656, 0.591600503529887, 0.6542138788756895, 0.5525895023414078, 0.55222024767886, 0.586230174510377, 0.5658769236936054, 0.5695222005707034, 0.3424612571816457, 0.5120881342784225, 0.5905064566207127, 0.5497354735572713, 0.5535047657359897, 0.5549936158069307, 0.6279870286771302, 0.5748022643024314, 0.5281378007340569, 0.5574378261792197, 0.5954016414654669, 0.5255001594522322, 0.567618479096249]
Roundnesses:
[0.4962952437469867, 0.4024182780681704, 0.3931630985413897, 0.3960129940434385, 0.42851229647633193, 0.5335491623131091, 0.36945466505003155, 0.4454555680995949, 0.4681710017322682, 0.4857950303851344, 0.48595077090151917, 0.4162966234565543, 0.512312921742199, 0.4523912681177841, 0.38997856624288935, 0.38056092242039086, 0.4415004630975665, 0.42819075430730524, 0.43413651504557865, 0.42913711867928367, 0.4683487544858152, 0.6147173183397587, 0.5080732725451903, 0.4458025170804939, 0.48406993854807917, 0.5156786884697078, 0.45524960763603217, 0.40258704219010766, 0.47134625962681864, 0.5118388961933463, 0.48731385082114326, 0.42216879345652564, 0.5046502461596492, 0.46436009018010443]
Eccentricities:
[0.9594510495056461, 0.9750021614159129, 0.967657333264902, 0.9756200517941103, 0.9637249445870667, 0.9459112012840514, 0.9716454603729157, 0.9547832527949113, 0.9420779634560622, 0.9603107655359303, 0.9625678686288969, 0.9690704636029901, 0.9532278277949315, 0.9352724944060523, 0.9665185535462727, 0.977908479765617, 0.9575791148875902, 0.957486842314665, 0.9653790568936871, 0.9608008168917098, 0.9616518281948399, 0.8718343136470089, 0.9465100871129235, 0.9662886636512764, 0.9568619886686524, 0.9578071794103431, 0.9581761994550928, 0.9735413269006319, 0.9628601219619023, 0.9511326785552267, 0.9587767521407908, 0.9673084351241663, 0.9503950471142549, 0.9612091231975122]
Solidities:
[0.9785074531888831, 0.9725089203420301, 0.9510001693152408, 0.9730595069295156, 0.9627674238198732, 0.9779077300183839, 0.9170934805980514, 0.9524622297041895, 0.9436278863232682, 0.9714501982295117, 0.9814312790951827, 0.9701321880751854, 0.9833180682118075, 0.9416201164175599, 0.9438176953913021, 0.9521693111781345, 0.9431489231657315, 0.9524098651091768, 0.9546798455647032, 0.9143114156887336, 0.9726110613948566, 0.9323024644209935, 0.9689510274902327, 0.9645096602522077, 0.9653210992064603, 0.9775632870042432, 0.9486591345438444, 0.9627470153496305, 0.972192594528737, 0.9816639664538264, 0.9815638845493891, 0.9394345645607596, 0.9738255958120954, 0.9499056006121848]
Curvatures:
[723.7220048756974, 611.2417741353421, 597.9280656363574, 577.129075763134, 691.8225099390856, 658.638743755012, 182.43354954612929, 735.6631303726516, 633.0823945689081, 627.4255403194157, 660.5382386916237, 672.0235200658624, 717.1362184380705, 801.3321779309638, 656.5676759431467, 628.4549775709386, 684.9940828143394, 593.9991334482228, 687.5382386916237, 724.5209947489207, 731.6925676241744, 464.61940777125596, 677.3372285648471, 728.8641404994282, 700.337228564847, 610.2123368838193, 720.4499269370551, 648.0823945689081, 654.2539674441618, 728.1067811865476, 748.319984622144, 717.3788591251897, 690.3372285648471, 767.6042558696059]
Curvature Stds:
[0.3382614869468311, 0.3320654956536255, 0.33316396783761154, 0.3285835753391325, 0.33553789956048063, 0.335856824747141, 0.3082770451912559, 0.34039777678642474, 0.34306828856783955, 0.32238446988100666, 0.32689477444034215, 0.33820764345297694, 0.33844214804941425, 0.34312474208475296, 0.3333071871063581, 0.3327889175401318, 0.3385003809351976, 0.3313195103920011, 0.3389795056746115, 0.3385554653759497, 0.3400108359968, 0.3393151137847704, 0.3252308368310532, 0.3411914659740517, 0.3331625054578395, 0.3240791051595482, 0.3377977135545174, 0.33490608896005075, 0.34200649264531324, 0.3398622647780433, 0.33855137803794283, 0.3409639874087206, 0.3391958379555013, 0.3357893648817328]
BBARs:
[3.3541666666666665, 4.267716535433071, 3.950943396226415, 4.401673640167364, 3.5988023952095807, 2.9822485207100593, 4.30716723549488, 3.2286585365853657, 2.8844884488448845, 3.336283185840708, 3.675925925925926, 3.7347670250896057, 3.231671554252199, 2.626943005181347, 4.053571428571429, 4.330645161290323, 3.5205479452054793, 3.645614035087719, 3.8098591549295775, 3.4903846153846154, 3.56, 1.8733333333333333, 2.862155388471178, 3.567656765676568, 3.3246376811594205, 3.370820668693009, 3.345679012345679, 4.076045627376426, 3.5441696113074204, 3.227272727272727, 3.5353846153846153, 3.664406779661017, 3.248407643312102, 3.420289855072464]
Frechets:
[164.52735334891887, 124.91296970290955, 129.5, 115.12710367241938, 194.83903612982692, 164.56685571523812, 488.1539203980646, 159.2081970251532, 146.20619001943797, 162.6968039022279, 160.5, 133.5337036107364, 168.5741676532914, 178.54481230212207, 139.01888360938597, 118.33110326537144, 140.8554223308425, 140.95123270124316, 139.30990632399406, 146.0487932165138, 168.79647508167935, 137.93929824382897, 187.313240322194, 141.91634860015247, 171.24908758881023, 161.10943485718022, 155.52893621445497, 128.23123644416754, 143.63234315431885, 178.39352566727302, 158.55992558020452, 131.21451901371282, 155.50321540083985, 165.25208016845053]
RGB Y:
[-54.190355280153035, -50.05401791620207, -42.77122198861597, -50.01212687549355, -58.927940752848805, -33.062779930008496, -59.83898013429306, -40.30584760682495, -47.32468604149044, -68.15500547852838, -58.82833690936921, -29.54717063009894, -66.06106459728616, -65.43294769080698, -54.877794526311895, -52.27258835475642, -48.86125805150242, -51.75337747137899, -59.90230247072182, -42.22246005562837, -55.212932464434964, -52.353429520693496, -58.90680225670476, -43.21090995443788, -42.20542923118278, -50.90093924895394, -63.60836899959972, -44.096566605288075, -62.54984044944801, -50.865193463610105, -57.192630502206455, -40.331212745441796, -40.686673597413225, -63.6696328719482]
CIE Y:
[64.72700562784229, 67.32038676957903, 72.90423665536547, 68.71726178477512, 64.17830181600443, 59.99691570366895, 60.6635221640134, 72.01314795582788, 69.15771908160629, 57.27675909565686, 61.45100242559102, 73.54203898403824, 56.72908807721848, 57.19767018610447, 68.81104583460161, 68.43778914289025, 71.62718381312003, 67.0124865719175, 60.484815582399726, 68.14542608575903, 66.81175638892951, 64.91503694774816, 61.55053404943988, 73.39098718605456, 74.24727416878032, 67.72257430283757, 62.9958251825927, 73.89116368345462, 60.03290958110065, 69.772113117027, 67.34580211380776, 74.00016174769766, 73.32287979050061, 59.64884284494421]
lab b Y:
[31.053191501012844, 36.8590104460029, 38.01808794891439, 36.18792205522724, 32.90577023451198, 26.77702519025219, 30.049864583847352, 35.99820385483803, 39.19357236803787, 29.444531831593736, 30.970818673883496, 46.96503090306206, 30.27558484223321, 29.48049279341571, 36.383529365825765, 37.358765716707424, 35.52436063441932, 36.94516246020843, 32.71489371183125, 32.47171177093918, 34.55725688868932, 29.758049413154747, 33.42594182194416, 40.17647811172776, 41.05359469267476, 35.74425966705921, 31.315791316424384, 37.716173259339236, 31.77991462847027, 33.876409896544686, 34.512916365422655, 36.871119869671, 41.34221198794775, 30.908132504014123]
HSV Y:
[0.2838534890200001, 0.3082889567497511, 0.3183604413555871, 0.3077820815065568, 0.28620317168627724, 0.22644336599235013, 0.25609881875994045, 0.3126593391024295, 0.34893026824371787, 0.25741905421726463, 0.2694815836287478, 0.4211617960745282, 0.28363097937293946, 0.26796362295863685, 0.3115552154910805, 0.3194565124771912, 0.3090688307133866, 0.32577585711551904, 0.28560543795203047, 0.2748913252804935, 0.31400551106963326, 0.2537263393724225, 0.30625291193429693, 0.37875944627556407, 0.40563394208987913, 0.31168320657790993, 0.27604150343231176, 0.33412034113081657, 0.27965678372443753, 0.3080500779425969, 0.3117502440974006, 0.32724808768709984, 0.39877734693300204, 0.2879024765245534]
RGB Y binary:
[60.43199271893529, 75.43370350685323, 75.99031124811675, 73.96291795551628, 66.51453839746203, 44.19361271414328, 57.7296325701461, 71.77026534590928, 80.40615536537196, 58.97255868603644, 59.87449580312234, 98.49469641374249, 61.87977997121772, 59.3903732839324, 72.64106939704209, 75.26000061282959, 68.16203582378994, 75.54323273422712, 66.37606459319863, 64.36287557767996, 70.92730854114538, 58.48992316567249, 68.71258377799523, 83.82351510253895, 85.62847493662605, 71.07443809132694, 60.51204953202463, 75.54058596191065, 64.66183480969316, 65.60671445321056, 68.63553506860127, 74.15702549280005, 86.55465161604025, 62.636628850950345]
CIE Y binary:
[61.82817786173505, 67.51119641796895, 71.03040605813743, 68.49557510471531, 64.15239238196926, 49.09582480203661, 58.00483287122431, 69.58870161116057, 69.29360451534359, 56.82841630808642, 57.5639810865367, 73.55601753932491, 56.755318356204214, 56.241968715310264, 68.13915349904391, 68.15405178683959, 67.17555599290606, 67.232737282415, 60.09955595654576, 65.77234015637202, 66.89502841218103, 63.427385720421334, 61.618213944128335, 73.5531498483537, 74.32228296072641, 65.98184268435737, 59.741680250992765, 71.64841410894225, 60.1662351537248, 66.302490105495, 65.98303351817059, 71.95663782428983, 73.37417837614504, 59.00669609042444]
lab b Y binary:
[30.166151368411406, 37.616895777829086, 38.024656952342546, 36.9447790843244, 33.251565597322795, 22.512600792639795, 29.20977942023555, 36.042836813139495, 39.42443787427146, 29.28963971619128, 29.787536946534505, 46.995939022439735, 30.302822794365564, 29.3344331863177, 36.28292537444896, 37.3882626468454, 34.07494083095862, 37.23654199591811, 32.805114119956215, 32.696914301608444, 34.95546397477653, 29.93737730125276, 33.5190102611962, 40.54473891944298, 41.18254070563733, 35.19764071094208, 30.00540909152475, 37.40876439739151, 31.97006725614552, 32.71002354440951, 33.98388087120217, 36.98724999916249, 41.616493662708955, 30.85441877111284]
HSV Y binary:
[0.2754647661990715, 0.3123784278341396, 0.31659642579246544, 0.3132739442772377, 0.2862456701445057, 0.1929325356817412, 0.24633564606066222, 0.30513714339928605, 0.34903365606479103, 0.25622523265330643, 0.25828897249225674, 0.42119028583017804, 0.28364285772906783, 0.26569343446453886, 0.31040366704763755, 0.31933957611115815, 0.2971748782520651, 0.32583667948733835, 0.28530300838510236, 0.2754658513029833, 0.3147285175712797, 0.25194799345452135, 0.30673919745091094, 0.38078294095671145, 0.40579324283458335, 0.30614794077883256, 0.2645857775451389, 0.33196385032047065, 0.27971244112658483, 0.2971591574828498, 0.3071295146332398, 0.330195763029748, 0.3997522883934097, 0.28798690982393726]
area/perimeter:
[109.92129498894175, 82.3288951344821, 78.13981821919046, 77.39509330429446, 100.92059067838777, 108.5974146542237, 89.57355281597465, 92.78828356508114, 79.29202477508804, 104.90096527260442, 107.57747494813482, 82.8633793039954, 113.34204894104278, 100.22374351674455, 81.9681985377365, 78.179041292618, 88.0637619441984, 84.33911379551596, 91.30073794204372, 91.17180068810094, 105.06098956271931, 76.1934961522198, 114.93758117152004, 93.90674716601666, 109.08837283955616, 107.72694956062702, 97.01810872581069, 82.06126753273348, 92.7167490621636, 111.90104114062588, 108.75449835374972, 87.5821930802246, 100.79987980953234, 105.50115263478868]
Convexities:
[0.9710570787357503, 0.9737108936084516, 0.9751688655017419, 0.975720877683581, 0.970291251687627, 0.9752356954023795, 0.9510519618371915, 0.96171972512721, 0.9787822734635236, 0.9625138482509555, 0.9866331214693946, 0.9763402258700808, 0.959230317705494, 0.9027813734178705, 0.9763998502571013, 0.960856206775692, 0.9682499234723788, 0.9816359107200366, 0.9574004346630174, 0.9621431890387198, 0.9668793870993557, 0.9333311837462915, 0.9719138961678248, 0.9658849594197948, 0.9692450279729398, 0.9844114356712244, 0.9517851297675165, 0.9671303272500492, 0.9574953977137551, 0.9768455658373147, 0.9685347672431507, 0.9671063789070533, 0.9613528948890075, 0.973233556969873]
Mean curvatures:
[0.23558659012880775, 0.21979207987606691, 0.22294111321266122, 0.21233593663102796, 0.23643968213912703, 0.2348925619668374, 0.18044861478351068, 0.2514228060056909, 0.26258083557399753, 0.20578076100997564, 0.21536949419355192, 0.24401725492587595, 0.23912511451752935, 0.2524676048931833, 0.22616867927769435, 0.22333154853267184, 0.24693369964467896, 0.22280537638718034, 0.23602411214954472, 0.24419312259822065, 0.24430469703645225, 0.250333732635375, 0.21259800017729036, 0.24782867749045503, 0.2238929758839025, 0.20805057513938605, 0.2406312381219289, 0.2301428957986179, 0.24605263912905673, 0.24598202067113092, 0.24272461388976452, 0.24831390070100023, 0.2439354164540096, 0.23846047091320471]
Max curvatures:
[1.0, 1.0, 1.0, 1.0, 1.0, 1.0, 0.7071067811865476, 1.0, 1.0, 1.0, 1.0, 1.0, 1.0, 1.0, 1.0, 1.0, 1.0, 1.0, 1.0, 1.0, 1.0, 1.0, 1.0, 1.0, 1.0, 1.0, 1.0, 1.0, 1.0, 1.0, 1.0, 1.0, 1.0, 1.0]
Skewness curvatures:
[0.7633950848579558, 0.8729559062066217, 0.848324311652635, 0.9241519212739546, 0.7243679515039597, 0.7445875770965007, 1.1230468081226637, 0.6247637106328146, 0.5480956646888312, 0.9349641080876333, 0.8668839676612681, 0.674762709208212, 0.7279613289303316, 0.643849170321724, 0.8128638293436655, 0.8396371851280948, 0.6484033527462899, 0.8291668234206957, 0.7663975646542416, 0.6768037949427276, 0.6915014920381028, 0.6235411814364917, 0.8815314546121286, 0.6687737445100811, 0.8373159023515527, 0.9258282237723067, 0.7051964734239455, 0.7860138222424139, 0.6950796760852137, 0.6729417828548334, 0.6918040549949062, 0.6615237556281454, 0.6864417893880452, 0.7056379794180022]
Kurtosis curvatures:
[-1.347767763306842, -1.1671911400741526, -1.2125412552338874, -1.0777370809852624, -1.446047324241541, -1.4040281383989441, -0.7387658667654966, -1.5820180122440497, -1.6794254295956166, -1.1053906864172955, -1.2245574284857272, -1.5146210815572398, -1.4144144181229976, -1.5266775163774569, -1.2869698194485208, -1.2342348792462008, -1.5587831507185474, -1.2689685116956226, -1.336482138141479, -1.507859998724753, -1.4689772524763152, -1.594038584664052, -1.2063099800040025, -1.4996774687193495, -1.236237844944665, -1.111930892377462, -1.4624928471295051, -1.3293452343145589, -1.4467262924894453, -1.5034482008343435, -1.4806948954829064, -1.514212047992127, -1.4849300315786138, -1.479501056106864]
RMS curvatures:
[0.41221581119602874, 0.39821608679200204, 0.40087525419487, 0.3912208020640304, 0.4104746098500011, 0.4098467059725823, 0.357206437748733, 0.4231832626899556, 0.4320237792432324, 0.38246237464919663, 0.3914641906810744, 0.41704775600832084, 0.4143958348841397, 0.4259982161362049, 0.40279765697303826, 0.4007810427247449, 0.4189973268572037, 0.39926789717359995, 0.4130550650741192, 0.41743273022152383, 0.4186790579779643, 0.42166541728950346, 0.38855245064882854, 0.42169973896149193, 0.401404184947161, 0.3851133706025316, 0.41474171244613456, 0.4063592510440619, 0.421319762453558, 0.41953964474589717, 0.4165720511019977, 0.4218011782712329, 0.41780175189547236, 0.4118469300065558]
Norm curvatures:
[0.2673057141542386, 0.24666968816935156, 0.25158612678385645, 0.23719554679664284, 0.2693489819140915, 0.26704290498938105, 0.20582590924378596, 0.2885232319572504, 0.30507454370443193, 0.23280980196352077, 0.24221515517362294, 0.2763657010324403, 0.2724551129066094, 0.2936755669394345, 0.25639872009547005, 0.251220782062699, 0.2812159225006703, 0.2521902070660183, 0.2685502184130239, 0.2798462978761985, 0.279092749413347, 0.3030666624052005, 0.23956804362160253, 0.28231493564602855, 0.2548856137024692, 0.2352709255127721, 0.27738941075844786, 0.2615524412201638, 0.28027811304960787, 0.2826992555539187, 0.27796794998300883, 0.2831190353413378, 0.28066922643688724, 0.2736300306076534]
Radius of curvatures:
[1.3998454011411248, 1.3996285777824935, 1.4003071118377874, 1.400320685125799, 1.4086793626702687, 1.406144467002191, 1.414213562373095, 1.409010879947153, 1.410498642531184, 1.4104650233470948, 1.4097596531002663, 1.4085153863827775, 1.4030632471347368, 1.4023788891624351, 1.4038469552625608, 1.4019475571091995, 1.4103504307032946, 1.4057602243654812, 1.3981990359281586, 1.4077033295656596, 1.4036964211409662, 1.4110516267824609, 1.4111774420206225, 1.4036551774498598, 1.4015076248769882, 1.4084203656965484, 1.4064291334066374, 1.4037098005929616, 1.3996797531670215, 1.4056939886122384, 1.4063237802326556, 1.4047340480103279, 1.4056554309191058, 1.4099986232555148]
Pigmentations:
[20.418880695845527, 7.549184510422769, 26.140710732782935, 14.22163727296657, 5.503674475625197, 52.33521033454787, 17.45516852533921, 32.27166526811129, 1.1600049689147063, 2.263404835152486, 18.137520303194368, 0.13115007039672896, 0.13388367348881183, 5.7233128438327086, 6.11362596002238, 3.0076528716843747, 30.812153519090163, 1.7335608951617543, 3.5589666232915884, 40.08159374858772, 3.8698409159242857, 31.296589874186257, 0.5219318519244133, 2.378729090528553, 0.9871329423233249, 10.579262371780159, 13.436816824214059, 21.576716102602166, 1.1943373741165788, 24.266542634852073, 7.786855685312806, 32.673562412342214, 1.632546575012155, 3.9374259554853506]
