Filenames:
['B9HD2P1-01.png', 'B9HD2P1-02.png', 'B9HD2P1-03.png', 'B9HD2P1-04.png', 'B9HD2P1-05.png', 'B9HD2P1-06.png', 'B9HD2P1-07.png', 'B9HD2P1-08.png', 'B9HD2P1-09.png', 'B9HD2P1-10.png', 'B9HD2P1-11.png', 'B9HD2P1-12.png', 'B9HD2P1-13.png', 'B9HD2P1-14.png', 'B9HD2P1-15.png', 'B9HD2P1-17.png', 'B9HD2P1-18.png', 'B9HD2P1-19.png', 'B9HD2P1-21.png', 'B9HD2P1-22.png', 'B9HD2P1-23.png', 'B9HD2P1-24.png', 'B9HD2P1-25.png', 'B9HD2P1-26.png', 'B9HD2P1-27.png', 'B9HD2P1-29.png', 'B9HD2P1-30.png', 'B9HD2P1-31.png', 'B9HD2P1-33.png', 'B9HD2P1-34.png', 'B9HD2P1-36.png', 'B9HD2P1-38.png', 'B9HD2P1-39.png']
Areas:
[266205, 198258, 237499, 204275, 270124, 274584, 272682, 230224, 226040, 223239, 245172, 308214, 331827, 342192, 206713, 275431, 209337, 179419, 222104, 240404, 209170, 171711, 250209, 204376, 229194, 236138, 212034, 293652, 338406, 235823, 325406, 208650, 247095]
Perimeters:
[2562.971788237753, 2412.562625309263, 2715.1727983645296, 2547.7585848021567, 3546.851080638831, 2808.9373003523465, 2570.001225489276, 2366.687516990291, 2398.711903607931, 2395.072293301141, 2654.7951647286154, 2735.4987001723343, 2695.6093065034897, 2758.621499812309, 2460.503750806218, 2800.6185412194786, 2412.9545442950503, 2612.4621202458748, 2235.6753236814716, 2646.469262920811, 2051.263202160151, 2323.14841174689, 2681.3565645486033, 2406.2194795587557, 2491.9595949289333, 2505.8418459228415, 2762.9129137347068, 2718.35151391472, 2854.032754781852, 2652.5037508062173, 3037.8145007123717, 2617.8174593052026, 2700.469262920811]
Minor axes:
[322.76320433408216, 259.9328867919505, 259.86699556991175, 239.96795638059535, 337.0053888188181, 301.41321155626457, 315.4632989169964, 313.99458378328194, 300.98222692951816, 314.19272101541065, 296.78786736160293, 343.1545631561909, 369.4664511269581, 390.7611678294934, 268.9233654799656, 298.8414475731733, 280.5864948992523, 223.44652983335993, 314.23488573826074, 275.6990054615105, 503.92293348566716, 217.22373951451604, 278.02066505885676, 258.3331509544485, 277.81762341606185, 295.42282791695567, 228.29553077297822, 327.64948146282796, 392.083098371012, 261.10843625953186, 346.45503542963075, 235.63476499673132, 285.8046112244268]
Major axes:
[1067.2743913957524, 1013.4782352345949, 1181.4763778467138, 1124.4737927990975, 1137.3619354610594, 1239.2162385006873, 1114.368512768256, 963.2288803011014, 990.598999294128, 934.7954197306016, 1098.402480560314, 1166.7472664428728, 1170.6194237568457, 1153.5622144629244, 1010.2419622492378, 1219.3108564942736, 978.7908924844829, 1087.4627890361344, 922.2918204357026, 1161.4926206146665, 569.7427115573373, 1026.5085601282942, 1188.4383578751024, 1031.1822302522323, 1083.563296246802, 1062.8551655794772, 1259.2218354502563, 1192.9858817749396, 1168.9276989050525, 1191.773026603319, 1248.0179986739704, 1189.1310314047785, 1135.4121196949764]
Convex hull areas:
[277975, 207789, 250980, 216536, 308819, 299987, 278979, 237405, 236689, 232090, 258345, 317252, 335356, 348349, 217883, 293316, 221691, 198847, 231245, 255319, 228202, 177880, 259662, 214574, 238449, 253501, 236276, 320088, 371791, 241737, 355919, 216856, 263495]
Elongations:
[0.5364539862344472, 0.5924624732480154, 0.6403444298412015, 0.6493276491682596, 0.5449376154057525, 0.6097512279396203, 0.5596756041715408, 0.5091398330562378, 0.5347473264422471, 0.4973920436201775, 0.5753564478596683, 0.546135240414438, 0.5208112523656847, 0.49468751498861363, 0.580018097880049, 0.6073847180895227, 0.5552933038293046, 0.6603614622084162, 0.4926145898359499, 0.6173705297019787, 0.061203163532826524, 0.6518436760822224, 0.6218310088036916, 0.6003498023350631, 0.5928509037562374, 0.565958518172121, 0.6943215788775046, 0.5700952946194092, 0.49836728998629226, 0.6414359780064297, 0.5663158619380143, 0.6703659656290943, 0.5986068701455813]
Roundnesses:
[0.4842129382916342, 0.4166554767441292, 0.39019757090755564, 0.3880283450373365, 0.25521437612442943, 0.4181758939130951, 0.4950919125220211, 0.48171750144964404, 0.472765352793397, 0.46871076985625854, 0.4184590950623489, 0.5075366215173461, 0.5678078540168523, 0.546528737441978, 0.4195928995291391, 0.4235290736910086, 0.4247952871835673, 0.3134565487430227, 0.5331707998534888, 0.4107388041576379, 0.6080585872268509, 0.37912376332954456, 0.41362934284887215, 0.41845713973236437, 0.4392725129058582, 0.45919492224815817, 0.329874823176476, 0.4763135550224434, 0.5125753619139147, 0.4082424523818873, 0.4269892668861362, 0.36096623921549303, 0.40119161124154556]
Eccentricities:
[0.9534033542397699, 0.9666988732440835, 0.9756673356377222, 0.9771359778846904, 0.9556358680928347, 0.9701693998484608, 0.9593208970836423, 0.9456252306866745, 0.9529440903144554, 0.9419847922759578, 0.9629852898122001, 0.9559443644281905, 0.9490625967675546, 0.9411201317118456, 0.9640259100271141, 0.969710484050743, 0.9582501848273034, 0.9788546567957664, 0.9404505145395973, 0.9716132247363294, 0.4662495172792475, 0.9775360419923635, 0.9724350042784906, 0.9683163413984164, 0.9667798999221985, 0.960820017646672, 0.983590861522515, 0.9617843628733302, 0.942294111140848, 0.9758491883000239, 0.9609040251786978, 0.9803346243928283, 0.967963918627393]
Solidities:
[0.9576580627754294, 0.9541313544027836, 0.9462865566977449, 0.9433766209775741, 0.8747000670295545, 0.9153196638521003, 0.9774284085898939, 0.9697521113708641, 0.9550084710316069, 0.9618639320953078, 0.9490100447076584, 0.971511605915802, 0.9894768544472143, 0.9823251968571749, 0.9487339535438745, 0.9390248060112643, 0.9442737864865962, 0.9022967407101943, 0.9604704966593872, 0.9415828825900149, 0.9166002050814629, 0.965319316393074, 0.9635949811678258, 0.9524732726238967, 0.9611866688474265, 0.9315071735417217, 0.8973996512553116, 0.9174102121916473, 0.9102049269616532, 0.9755353959054676, 0.9142698198185543, 0.9621592208654591, 0.937759729786144]
Curvatures:
[704.4499269370552, 619.0407640085655, 638.0823945689081, 671.1240251292506, 1006.5352800987936, 736.76363543604, 717.6925676241744, 647.7392488184005, 632.1118318204309, 672.4377336282355, 759.7047609329943, 676.0235200658624, 413.70771952582453, 566.7859300126264, 616.4549775709386, 787.8468965567251, 719.065150626205, 637.8397538817887, 588.2417741353421, 740.6631303726516, 379.1808075912433, 570.129075763134, 711.0357133746821, 622.1118318204309, 678.3372285648471, 670.6093065034893, 715.508801440101, 750.3910524340095, 820.9301576774104, 613.8986283848345, 844.7291475506338, 630.1828996322963, 751.462120245875]
Curvature Stds:
[0.33652370065675874, 0.3347114135801819, 0.3255145269761324, 0.33599681253819974, 0.3416194615414365, 0.33895734777005565, 0.34028203598527335, 0.3378410898239923, 0.33482026489025246, 0.34098020058629525, 0.3401484004818086, 0.33301064492893767, 0.2857622809192478, 0.31426423994747643, 0.332722169003237, 0.3398486668287188, 0.34632284697925364, 0.33184643314855206, 0.33485687897971916, 0.34002280938780033, 0.34865689597917776, 0.3318077753007271, 0.33523035373792576, 0.33331066795287295, 0.3378388832646665, 0.33516041288008735, 0.3398784237765685, 0.3373810438172465, 0.34028287608688745, 0.3324061604707368, 0.338533592405811, 0.32945223807514235, 0.33848463058747086]
BBARs:
[3.26625386996904, 3.739130434782609, 4.2518518518518515, 4.258964143426295, 2.8894878706199463, 3.5507692307692307, 3.4134615384615383, 3.1142857142857143, 3.255663430420712, 3.109375, 3.5463258785942493, 3.322674418604651, 3.1392045454545454, 2.835978835978836, 3.8827838827838828, 3.6900958466453675, 3.4364261168384878, 4.147286821705427, 2.825, 3.639344262295082, 1.1347248576850095, 4.751173708920188, 3.857627118644068, 3.842696629213483, 3.5924657534246576, 3.253205128205128, 4.686991869918699, 3.095505617977528, 2.693045563549161, 4.245353159851301, 3.257372654155496, 4.488095238095238, 3.87375415282392]
Frechets:
[158.95360958468353, 134.65604331035425, 129.1559135308949, 122.42242441644423, 136.51465122835717, 157.00716544158104, 153.08249410040327, 156.67242897204346, 149.6637898758414, 156.57985183285876, 143.5, 176.13985920285052, 177.66893369410423, 180.83486942511945, 137.2160704873886, 138.42416696516545, 133.87400793283214, 116.22929923216435, 153.88713396512392, 147.1674216666175, 365.86507075696636, 104.88207663848004, 142.85394639281057, 126.92615963622313, 137.67806651751033, 140.20074892809953, 110.8117773524096, 168.56230302176107, 196.0746031489035, 146.28482491359108, 174.73193755006554, 120.5, 139.9365927840177]
RGB Y:
[-55.237858700870596, -53.25954190711035, -68.38108969333837, -49.011470888611505, -57.146768107620375, -55.04282411647896, -63.77305473378238, -51.91005803975002, -52.008862941810634, -49.878117852576224, -46.40803173130984, -44.74511449759596, -63.81802289678888, -67.86191811487826, -46.35902409544604, -40.68424849948308, -44.113263903573696, -39.625790504407746, -59.34205757774808, -48.648621433207026, -59.17112136137138, -46.31831996573514, -47.54622850503174, -49.667830325709645, -54.09162854207462, -53.78470054415502, -44.98264738439904, -59.08619874708435, -59.86336518169595, -48.7885720138966, -43.002541176325195, -43.846924381277205, -76.73582025055342]
CIE Y:
[63.279646165860015, 68.44058323211176, 57.782258684299585, 65.64144154437011, 62.87703982639882, 66.33317387240862, 62.0065535105298, 63.494757980556464, 66.18883467312357, 70.62972286521678, 73.67687832500373, 67.56708081239697, 60.23338634508707, 56.033086657069994, 68.75101161759652, 74.26835670935014, 74.4037128138701, 68.94076514575909, 64.76793701384254, 68.76936246322015, 62.24346641713706, 70.2544833923167, 70.65006244191211, 74.35364622032887, 69.4321222921425, 71.34532285186486, 67.26673601317628, 62.662120391255684, 64.53853698156098, 70.98381643010315, 73.4663454663055, 66.80941742375445, 51.89103899448301]
lab b Y:
[30.066854317792842, 36.685299960354826, 26.73522502301188, 38.28843705548617, 34.422438772524906, 35.037833945691766, 30.980774170158956, 30.25524121039384, 37.16425841077909, 38.42695687735046, 38.59306244441234, 37.713626474544945, 30.91229825505216, 29.313337509445844, 32.429422842020045, 42.00681370289692, 40.64103058964584, 42.1722902231574, 32.27305924607459, 38.49843680826304, 33.36826126572373, 39.18989729200927, 38.966989265732174, 36.9632894865058, 35.46756937676686, 34.70038217038608, 40.60693699034525, 33.23129197115823, 30.930299223921434, 38.38978392394796, 40.19450793374908, 41.167759628659056, 23.085801027341077]
HSV Y:
[0.25297813350649184, 0.3138014030860893, 0.2358087433951566, 0.33529620660455706, 0.31028938075492246, 0.312511568361303, 0.27204805904871193, 0.2595148154768242, 0.32509162021053184, 0.33584982762802196, 0.33955138819742164, 0.3471135283322815, 0.3005009280301793, 0.25788339095603297, 0.2827904510905337, 0.3802411634812607, 0.3636826432625935, 0.3679888603741519, 0.278306074827216, 0.34061628339315114, 0.2908888445665505, 0.3372101305863423, 0.3461952641977391, 0.3345658021765036, 0.30254386218463497, 0.3086502795944107, 0.343365015080858, 0.2941708093262548, 0.2893395856601856, 0.34244544035309954, 0.38453450355737795, 0.35061576759526114, 0.19923894556137475]
RGB Y binary:
[55.4540359829099, 73.812169498314, 49.58834218545008, 78.80689118501134, 70.01749893957506, 71.83997603939517, 61.378311591516905, 55.98312600231291, 75.76253805033781, 78.01301183429273, 77.96148969231407, 79.69668416326849, 63.498652257739074, 59.48370293308673, 58.86124335236603, 87.23649656377101, 83.19019875428651, 87.51983998270083, 62.720916320278896, 78.78590958804229, 68.06619568609096, 80.41929849035319, 79.841972745183, 72.79126178607892, 71.15695291290764, 67.10000794365303, 82.9960929692482, 67.49869863258239, 60.22316248766594, 78.61329778510608, 83.76290083437509, 84.13103543368038, 43.27613116433465]
CIE Y binary:
[59.09107807433832, 67.98036340532863, 53.563862029199974, 65.81821200246313, 62.52033143387082, 66.87033989783248, 60.85554247560791, 57.58329595806902, 65.65693142493225, 70.62205130060687, 72.74903663749349, 67.72551975726024, 59.99364294840567, 56.1065863376316, 62.065821327115565, 74.5429434148344, 74.30699858845125, 69.15866857581703, 62.67578432032233, 68.82277401236891, 62.2634373985406, 70.63475998230025, 70.78559609588196, 72.1927034179521, 69.12595643421243, 68.69491827633196, 67.30824586054514, 62.24740379994765, 61.27169644794119, 71.06353981781189, 72.88345386715892, 66.85503345739025, 48.590943157614284]
lab b Y binary:
[28.27422165677085, 36.79209107730517, 25.013387041563924, 38.47820639818766, 34.44047485344517, 35.44363497468834, 30.657662241141963, 28.265650446368774, 37.11994058260838, 38.46946013234131, 38.71041372213614, 38.67348134048377, 30.97514250850782, 29.455244376240444, 29.686880129396958, 42.27965411013355, 40.8601616291157, 42.52420424960991, 31.474927639088072, 38.662561154843885, 33.51542328383291, 39.732756961522185, 39.22385592571237, 36.21570976563296, 35.812470515851025, 33.61962467578782, 40.65579495974642, 33.28866339572629, 29.765037369511028, 38.764224462081096, 40.20514737883731, 41.21308952767643, 21.89002484205506]
HSV Y binary:
[0.23584756658682554, 0.3139567845365482, 0.219062311302204, 0.335731575402741, 0.31025897684398185, 0.31294287699705575, 0.2694886172128113, 0.24098078020389405, 0.32469594332941065, 0.33569636497005745, 0.33905442098805505, 0.3494434345052006, 0.300546527062803, 0.25827638995119895, 0.2596952576143959, 0.3802842478865864, 0.3641836238825564, 0.3685325212558048, 0.2723855272644284, 0.3410566287095193, 0.2914362702382711, 0.33936005033860417, 0.34653399146758135, 0.32963379757635275, 0.3034440643048964, 0.301447109245622, 0.34360554743057664, 0.29446461022155607, 0.2799898851718277, 0.3438964160644536, 0.3829887568697254, 0.35068021350866, 0.18820378871658391]
area/perimeter:
[100.9881796972765, 80.79314034466738, 85.59170816138277, 79.13532778044633, 73.77199593332571, 95.2982850569707, 103.3613097296183, 93.6420435279254, 91.92228911262058, 90.95823220081562, 90.06438428262271, 111.29139199383312, 122.18107858778154, 121.71183682060352, 82.79752550168035, 96.0539729195394, 83.82458636952575, 66.61551314094136, 96.78501254648958, 88.35284856253507, 100.305148408294, 71.68526081307232, 90.46381170225895, 82.20596221693401, 89.21989673495888, 92.60184020216224, 74.31509535240674, 105.2079553310781, 117.19742265105339, 87.25276855714029, 104.85853297481559, 77.12782244465267, 88.52568917354253]
Convexities:
[0.9651494988810093, 0.9822447843010123, 0.958544649056975, 0.9495242317876494, 0.7115823796442817, 0.9579713239254553, 0.9716660345782067, 0.9497457936261926, 0.9728521624671986, 0.9775100704885352, 0.9651353737354653, 0.9785285715059582, 0.9844409479534862, 0.974379888564612, 0.9784279091347005, 0.9496147948381667, 0.9583845017549789, 0.9241907579442188, 0.9704042346665906, 0.9700944088889831, 0.9122863017457846, 0.9666022721207306, 0.9715538876894817, 0.968815571246136, 0.9734382094341711, 0.9614099441238777, 0.9495180353118733, 0.9675482383256573, 0.9576675055131894, 0.9752510235049536, 0.9380014194041435, 0.970006766366493, 0.9738962316597779]
Mean curvatures:
[0.24375429997821982, 0.23133062930065976, 0.21107588308597686, 0.2337596743745213, 0.25540098454676313, 0.242117527254696, 0.251380934369238, 0.24079525978379202, 0.22927523823737064, 0.25327221605583256, 0.2508104195883111, 0.22792431559873985, 0.1441490311936671, 0.18830097342612173, 0.22781041299739047, 0.24421788485949322, 0.25940301249141595, 0.22459146263443266, 0.23652664822490635, 0.2479622130474227, 0.2894509981612544, 0.22244599132389153, 0.23653882680461813, 0.2293922683703654, 0.24532991991495376, 0.23521897807909128, 0.23482402410242895, 0.24136090461048873, 0.2521284268051015, 0.22178418655521479, 0.24513324072856466, 0.21942301519230373, 0.24727282666859987]
Max curvatures:
[1.0, 1.0, 1.0, 1.0, 1.0, 1.0, 1.0, 1.0, 1.0, 1.0, 1.0, 1.0, 1.0, 1.0, 1.0, 1.0, 1.0, 1.0, 1.0, 1.0, 1.0, 1.0, 1.0, 1.0, 1.0, 1.0, 1.0, 1.0, 1.0, 1.0, 1.0, 1.0, 1.0]
Skewness curvatures:
[0.6585821446150161, 0.7707025984763869, 0.9042084582839177, 0.7584021793456012, 0.5996145249959393, 0.7024772062591002, 0.6239062041832664, 0.7039658283286033, 0.7947111725530561, 0.6131280450085035, 0.6280365836711266, 0.7896020717779052, 1.4842989356226852, 1.079670904006801, 0.787611583504198, 0.6906371449822408, 0.6115344011313198, 0.8144399733099239, 0.7157285825333766, 0.65484754635227, 0.37895542810669336, 0.8389087830681912, 0.7198348789501389, 0.7764828011033622, 0.6572666102379975, 0.7332650139200559, 0.7885804175496379, 0.6929947673203976, 0.6166100972996712, 0.8533545363410807, 0.6669875027267714, 0.8476558762035925, 0.6448147832321574]
Kurtosis curvatures:
[-1.559369650567215, -1.361982602517849, -1.1505202722887136, -1.375698511361604, -1.612449734365385, -1.457694697062841, -1.5845082680637388, -1.4644068050684578, -1.3122704929285562, -1.5961427566439328, -1.5787571635869053, -1.3380075966784237, 0.22516638374510922, -0.803070380975782, -1.344649272254778, -1.4718747484386459, -1.554184241684134, -1.295980094988935, -1.4688630994941028, -1.5338733870174952, -1.8432550700889534, -1.2438023057704568, -1.457543471443126, -1.3623691204393626, -1.549277306118464, -1.4322003116744066, -1.2865495118026926, -1.4887464189263138, -1.596718064556561, -1.2075796027118686, -1.5256424947251066, -1.244760676879762, -1.5652004940270363]
RMS curvatures:
[0.4155290120576321, 0.406872941387705, 0.3879597088526336, 0.4093133804305845, 0.42653665658571127, 0.4165488934221756, 0.42306528831686724, 0.4148722202170287, 0.4057976646679745, 0.42475206016887374, 0.42261897842429835, 0.40354130306220326, 0.3200609698014488, 0.36635948070575447, 0.40323891927275596, 0.4184967044440161, 0.43270017012873624, 0.4007036065244362, 0.4099682728218696, 0.42083342310627836, 0.4531484430629567, 0.39947292624918485, 0.4102804000355854, 0.40461934476652506, 0.4175187189228701, 0.4094636369819946, 0.41310974963622293, 0.41482653603838826, 0.42351054220784096, 0.3996024035524005, 0.41796566712742356, 0.3958348604769447, 0.4191845607278685]
Norm curvatures:
[0.27662831343086924, 0.26074223538244495, 0.23750669222183715, 0.2646028799319551, 0.29289834119168723, 0.27688557796541907, 0.2850910328469824, 0.27466674361994653, 0.2643384110860694, 0.28950848046041583, 0.28752632822171725, 0.2587551579710704, 0.1592394050055931, 0.2078504033443403, 0.257921290380531, 0.2816723884301353, 0.2991905209199955, 0.25147532091697583, 0.2706510207276895, 0.2824927717101015, 0.3531348216728371, 0.25181519407470193, 0.2679341106773419, 0.2584987626486783, 0.27817289509892457, 0.26875370323390363, 0.2655752309702018, 0.27630919885387606, 0.2903256382395075, 0.24987979008995242, 0.28239927975444606, 0.24654179380265523, 0.28103772167148916]
Radius of curvatures:
[1.4129646772604127, 1.405623880204068, 1.4082104672662388, 1.4045192024026611, 1.4089481357327593, 1.404580688829535, 1.4092922131171775, 1.406466994099891, 1.4029679452950927, 1.4089592677129714, 1.4091763534761352, 1.4067935090956005, 1.4106611304487975, 1.408496687610104, 1.4075172692169482, 1.4040741551345877, 1.3993316379764573, 1.4063458187302544, 1.4107159810261574, 1.4070444814858687, 1.411890869499975, 1.4038322700830428, 1.4096617649843801, 1.4075785625181487, 1.4107473400938226, 1.4085033011738903, 1.3941709706453649, 1.4083242700170795, 1.4099137676079763, 1.4011636601746433, 1.4086349285364204, 1.4071929935193142, 1.4106933337976866]
Pigmentations:
[25.766356306066207, 6.064519409207616, 19.89931904759887, 0.7770601962632039, 3.307954452241221, 3.0559606070154097, 7.449445579762001, 31.64804066712959, 3.9960084464125023, 0.589352927404686, 10.995974079804327, 8.151250916795696, 2.18524482975735, 1.1401095278698323, 35.300023393636934, 1.2895495344105152, 3.859166842884331, 1.3905021631904113, 12.158372783075494, 1.2297192622521824, 1.3486734517190295, 3.26454936428123, 1.635165506732443, 18.01373741352569, 9.917808940912005, 19.472732545246746, 0.16770631915510223, 4.065296839624742, 15.171752609755156, 3.710168927281884, 4.355066441333585, 0.14637751873197455, 17.225648907243055]
