Filenames:
['B9CD1P1-01.png', 'B9CD1P1-02.png', 'B9CD1P1-03.png', 'B9CD1P1-04.png', 'B9CD1P1-05.png', 'B9CD1P1-06.png', 'B9CD1P1-07.png', 'B9CD1P1-08.png', 'B9CD1P1-09.png', 'B9CD1P1-10.png', 'B9CD1P1-11.png', 'B9CD1P1-12.png', 'B9CD1P1-13.png', 'B9CD1P1-14.png', 'B9CD1P1-15.png', 'B9CD1P1-16.png', 'B9CD1P1-17.png', 'B9CD1P1-19.png', 'B9CD1P1-20.png', 'B9CD1P1-21.png', 'B9CD1P1-22.png', 'B9CD1P1-24.png', 'B9CD1P1-25.png', 'B9CD1P1-26.png', 'B9CD1P1-27.png', 'B9CD1P1-28.png', 'B9CD1P1-29.png', 'B9CD1P1-30.png', 'B9CD1P1-31.png', 'B9CD1P1-32.png', 'B9CD1P1-33.png', 'B9CD1P1-34.png', 'B9CD1P1-35.png', 'B9CD1P1-37.png']
Areas:
[130588, 152264, 153159, 152045, 154237, 160104, 119994, 155076, 137160, 143594, 154781, 152197, 156721, 159212, 156371, 154934, 149667, 139662, 124564, 153133, 163780, 115995, 166643, 158709, 170710, 130117, 106990, 131369, 145882, 156344, 152358, 144182, 146664, 158030]
Perimeters:
[1461.243866176395, 1589.2388155425115, 1571.6896090313442, 1586.6530291048848, 1603.6347391416552, 1611.7606768432095, 1424.3098833543772, 1585.4276323604686, 1513.4570696119915, 1521.243866176395, 1502.846896556725, 1539.131167804187, 1571.5870119269027, 1639.0083681642125, 1592.0428560496184, 1616.8540392316615, 1500.2611101190982, 1528.2976900455576, 1432.3616151824867, 1506.0600999923217, 1634.9200564096436, 1417.3616151824865, 1660.1677477306464, 1549.7463914933367, 1647.1748904055826, 1491.4276323604686, 1316.8225099390856, 1454.1900423072327, 1495.5037508062173, 1627.8956697920041, 1576.037805415735, 1529.5575746753798, 1550.812408671319, 1530.8468965567251]
Minor axes:
[382.94968085942554, 433.0255237555392, 435.13879729627104, 428.73752573913356, 438.6215077938867, 439.577131462829, 357.05472269138505, 422.19470698926085, 412.2474086730803, 421.82905737556183, 437.3734987836862, 432.0090006998646, 429.1644717280154, 439.21257413411854, 438.849477907244, 429.939930880224, 426.68106502959074, 404.85057077271324, 361.3230171884228, 431.75911244799244, 448.41751000185553, 346.52564186212663, 450.7946442651455, 435.26569247007035, 455.7859221854281, 379.4127882893579, 329.07927187032476, 387.4071769867957, 398.3181613747534, 439.9820444528201, 431.8671941248655, 418.5076837755853, 419.76190499954004, 436.34573852744626]
Major axes:
[434.29420088223867, 447.77553910817517, 448.3524569951277, 451.57880035611873, 447.7441606515886, 463.8347280948635, 428.41709225653835, 467.87176219667066, 423.6752840013742, 433.5278447253122, 450.6507839424122, 448.6561881929253, 465.48433520213814, 461.5720752272517, 453.77044716893784, 459.1136192857203, 446.63648398358725, 439.28816115515104, 439.3671120511957, 451.7202323970892, 465.0991475565694, 428.7307524445825, 470.77454104686126, 464.441891026082, 476.92405987872473, 436.93677493027974, 414.1054838376269, 431.8266858506165, 466.7873840701517, 452.572188710659, 449.3269718220627, 438.69453544602754, 445.4012790536171, 461.2547175104927]
Convex hull areas:
[131460, 153215, 154145, 153046, 155301, 161275, 121084, 156217, 138261, 144644, 155740, 153193, 157967, 160174, 157622, 155983, 150600, 140587, 125572, 154137, 164814, 117752, 167783, 159741, 171775, 131199, 107891, 132238, 147053, 157589, 153390, 145070, 147843, 159044]
Elongations:
[0.06311000555627118, 0.01688523817573461, 0.014989379787972825, 0.026003806562652044, 0.01037281346902384, 0.026858177327170583, 0.09133493333349196, 0.05145615159593436, 0.0137379515975391, 0.013619570515904096, 0.014890585193286447, 0.018915481485921707, 0.04072259108614853, 0.024958270575848457, 0.016789368832725624, 0.03284328751312488, 0.022941808469238257, 0.04085321221937466, 0.09778233623941102, 0.022700211290007773, 0.018278636596646733, 0.10657767756094687, 0.02169894200318622, 0.032508362186518466, 0.022790670488926353, 0.07077245310175986, 0.11473585500928538, 0.05437494153182379, 0.07936167639104752, 0.014156691403003492, 0.01981539537322941, 0.02364734333685026, 0.029710409441060435, 0.02776076284093192]
Roundnesses:
[0.8771212148424797, 0.8728460724081867, 0.8701564818676932, 0.8718583369557199, 0.852394620890002, 0.8616016962452333, 0.8360744403195396, 0.8478728818096835, 0.8750431845182317, 0.8685375788109789, 0.8696139078442984, 0.875579669584824, 0.8554799518186494, 0.8754451479475522, 0.8307852890600788, 0.8529293652379745, 0.8670017199580385, 0.8704387628074255, 0.8552836008711492, 0.885013100798413, 0.8596552802576654, 0.8314921489346384, 0.8688848200563419, 0.8657258765021888, 0.8538707895954437, 0.8554677046674939, 0.8508211223993711, 0.8736601593413094, 0.8552423516370365, 0.8480845435871401, 0.8728518518262618, 0.8812782000845846, 0.8580125679161847, 0.8807079829262087]
Eccentricities:
[0.4726078155308664, 0.2555710447371287, 0.24124611560696124, 0.3143398828585724, 0.20160283165902476, 0.31919626297607817, 0.5538477511630276, 0.4314768311814027, 0.2312412354514786, 0.23026965741765343, 0.24047318458341205, 0.26996069338822515, 0.3878043849681179, 0.30826985333116064, 0.25486851226382484, 0.35092869015718237, 0.2961371494024183, 0.38837709937401516, 0.5696970384477437, 0.2946433202199775, 0.2655432477054238, 0.5900396770621861, 0.2883542332319478, 0.34924802823337475, 0.2952036947581672, 0.49689534749369285, 0.6077257014678088, 0.442317702694036, 0.5219974941243662, 0.2346420356590891, 0.27606401684120385, 0.300449032948188, 0.33478748203697756, 0.3242303463239012]
Solidities:
[0.9933668035904457, 0.9937930359299024, 0.9936034253462649, 0.9934594827698862, 0.9931487884817226, 0.9927391102154705, 0.9909979848700076, 0.9926960574073245, 0.992036799965283, 0.9927407980973978, 0.9938423012713496, 0.9934983974463585, 0.992112276614736, 0.9939940314907538, 0.9920632906573955, 0.9932749081630691, 0.993804780876494, 0.9934204442800544, 0.9919727327748225, 0.9934863141231501, 0.9937262611185943, 0.985078809701746, 0.9932055094973865, 0.9935395421338291, 0.9938000291078446, 0.9917529859221488, 0.9916489790622016, 0.9934285152528017, 0.9920368846606326, 0.9920997023903952, 0.9932720516330921, 0.9938788171227683, 0.9920253241614415, 0.9936244058248032]
Curvatures:
[660.0077554195746, 751.7859300126265, 598.6990975544729, 732.4219689819475, 751.6179284748409, 611.9919907732865, 578.9295449327725, 660.4133470105959, 743.5260453828041, 630.0077554195744, 468.42701961583083, 582.0874452027915, 609.1793282948282, 830.839753881789, 642.8067452927978, 764.4427842621188, 534.2382027978739, 742.9280656363574, 607.57272657703, 501.46865017617347, 664.6610383315985, 635.5519112968586, 762.5174234114525, 543.7026688919411, 606.7199128346442, 707.5310960166875, 534.4183976444792, 595.2382027978739, 524.1965722375313, 787.7981233214462, 691.2590180780452, 698.6559876977153, 707.0285706997458, 518.6818536117698]
Curvature Stds:
[0.3781898045534861, 0.3914646389621461, 0.3813703417975236, 0.3896285687582678, 0.37750663776019194, 0.38326370797586556, 0.39033322007086896, 0.3702790637524025, 0.37950537433116066, 0.37098502818876594, 0.34440984819157916, 0.3633215701464659, 0.36546684454528006, 0.3902683951013633, 0.3684221432599347, 0.39228358815990794, 0.35372428004228085, 0.3876482756199513, 0.37041259055889364, 0.3505969979976978, 0.3866384616283017, 0.3793590010568059, 0.3773416033719296, 0.35584629920417893, 0.3779682031658656, 0.3940296089236431, 0.3669368532793181, 0.37227362007934806, 0.3559940202468135, 0.3890590627131251, 0.3871356663991384, 0.3778200140352829, 0.38358612099589134, 0.35115452140207937]
BBARs:
[1.1025641025641026, 0.9775280898876404, 1.0068027210884354, 0.9730941704035875, 0.984375, 1.0021978021978022, 0.9728395061728395, 0.9100642398286938, 0.9834123222748815, 0.9678899082568807, 1.0390804597701149, 1.037122969837587, 0.9240780911062907, 0.9736263736263736, 1.036613272311213, 1.0250569476082005, 0.9573991031390134, 0.9559164733178654, 1.1635388739946382, 1.0368663594470047, 0.9890829694323144, 0.8786407766990292, 0.9742489270386266, 0.935064935064935, 1.0, 1.065326633165829, 0.8146341463414634, 0.9088785046728972, 1.170854271356784, 0.9866071428571429, 0.9796839729119639, 0.9655172413793104, 0.9729119638826185, 0.9392624728850325]
Frechets:
[191.17073520808566, 215.0145343924452, 213.55619869252214, 213.2281641810012, 217.59193459317373, 217.24007457188924, 174.57161854093007, 208.36806377177862, 204.73214207837518, 208.88334064735753, 216.8553665464611, 213.6147232753398, 208.5815188361615, 217.5827428818747, 216.41684315228332, 210.338417793802, 211.89915054100618, 200.93593506389044, 176.42066205521394, 214.66543736708059, 222.82336053475183, 162.9915641988873, 222.31340490397784, 213.89541837075427, 224.64249375396454, 187.02473098496893, 162.6968039022279, 191.54177090128408, 196.7009150970071, 216.52078422174625, 212.9231081869697, 208.38965905245874, 207.30713928854453, 215.43734588042065]
RGB Y:
[0.22101789886741158, 0.2694235483058458, 0.23528643414169464, 0.2577619230974254, 0.27967992632925237, 0.29670288716775545, 0.3266227490368401, 0.2881628487835987, 0.24571098789097415, 0.3388478661359528, 0.2742827163423448, 0.31210345488026037, 0.33632048530843406, 0.3037625279749096, 0.276350921389404, 0.2691203820352264, 0.2801031820107631, 0.2764020395969193, 0.2525857625746638, 0.294017758628533, 0.2624904647712049, 0.22968424297484075, 0.2901992557129353, 0.2905589610817442, 0.2868942028930383, 0.28697464180234683, 0.26134707398000856, 0.2678589984461008, 0.2904002362839412, 0.30328330022133415, 0.26904867391845605, 0.2973900343290814, 0.30068570753764323, 0.2728945114130614]
CIE Y:
[69.56233069355626, 72.03606614112103, 71.97621260550657, 72.36138356582097, 73.9151783641099, 74.21913602071399, 71.96377484761214, 74.8076676048072, 74.92926432332607, 75.64049084955013, 74.3797492959703, 73.90572078427435, 75.76830193881915, 77.00132025006113, 73.72105361951803, 73.25839058648529, 76.44745390595864, 73.23836673813224, 69.98372340977467, 74.7700793381613, 74.48718734754517, 64.11186257975358, 73.52559585463618, 76.43810155351626, 76.7766591827804, 76.8254330548133, 78.09586878792811, 77.19469164430676, 72.59931849479335, 73.47483555122781, 75.9255546480465, 78.1586512079489, 74.36333427058109, 73.67534916696901]
lab b Y:
[28.557848580707827, 34.14548877831191, 31.256008706397754, 33.59863795269936, 36.003378284088676, 37.55806098125314, 40.63963403981547, 36.729684657409535, 32.103697931552674, 41.43219862975584, 35.04627253827113, 39.035725529824944, 41.43092328307874, 37.98107921577162, 35.231091480242114, 34.38511731516148, 35.560621138344544, 34.972053910652036, 32.71371979445225, 36.96577164262134, 33.79484956450466, 29.621145914977102, 36.775046086054395, 36.704781966912286, 36.583021915490974, 36.614109076177066, 33.680200049132345, 33.8084705364999, 36.96845514732163, 38.01360001744113, 34.45418567684467, 36.921971366746504, 37.64301410448007, 34.73675720570306]
HSV Y:
[0.28115045249828036, 0.3232516223897421, 0.27298987392559515, 0.2947386591558338, 0.3135919296262069, 0.34947371568328467, 0.37158592421128533, 0.34081152792524394, 0.29848971943875213, 0.4130876053817046, 0.3262111245272396, 0.3697382163867255, 0.4071174844335792, 0.37748098841578337, 0.32071684786201776, 0.31985507615241077, 0.3427382660131436, 0.3419201455944627, 0.302340675226701, 0.35680122001482123, 0.31305068339262593, 0.27212951057139284, 0.34282226843134955, 0.34643312449317815, 0.3372156280700386, 0.34417063053920344, 0.3130663781198506, 0.34793116308534877, 0.33649759981332056, 0.3556516778780239, 0.3347488692057901, 0.3853737228169635, 0.36638350533776914, 0.33287315458033806]
RGB Y binary:
[0.22296044514571936, 0.27774931239464107, 0.08507535245503157, 0.2688937303316388, 0.31129682176817497, 0.3202829997978573, 0.35702526326807926, 0.34195332991416655, 0.28313087762338046, 0.38099927090440955, 0.18068635152411316, 0.3487158275192139, 0.388700198793958, 0.3192639205913765, 0.31654134504480524, 0.29307606498241234, 0.28074490927538287, 0.2924990327844034, 0.32840129916997474, 0.3085325679907932, 0.15855270873983093, 0.2327332504968583, 0.24797332993277837, 0.2818293264548026, 0.3115689084998548, 0.15551116400317355, 0.18368519482522605, 0.25121925871797995, 0.3533501499740936, 0.3366615965382569, 0.24938522089333662, 0.30362237439963136, 0.38864674742586436, 0.27248711133881964]
CIE Y binary:
[54.21461998974587, 64.05359659696624, 25.006430448546766, 61.59552110771672, 68.9422905635601, 68.67245493443748, 74.51402430283291, 73.41101094717706, 64.7183491453915, 73.40881345409001, 46.26424957199424, 72.71385387018185, 73.44696958193113, 70.4631985650483, 72.12946959005188, 65.8857244324093, 64.30643554975214, 66.66068609699862, 69.90533353011953, 67.01973740169426, 45.43366564651732, 56.26622436028536, 58.626735632969805, 64.93303655502052, 70.53773769900498, 43.235712648726434, 48.4255004401442, 61.19251126574021, 74.19503396859233, 71.77781292813889, 60.71272863877045, 69.29264178898872, 77.02233309184868, 62.693001573744574]
lab b Y binary:
[27.990815350956915, 34.7681456535326, 11.526160302175633, 34.314378394558815, 39.21879964926484, 40.00088966171765, 44.33560409400573, 42.87968361066506, 35.74128988463917, 46.05104464254029, 22.119779769393205, 43.211778032691214, 47.168815155725554, 39.359354332550375, 39.65261602893089, 36.740470540262955, 35.13166077409183, 36.33434208679947, 41.618257854572775, 38.22073392740247, 19.276928331664678, 29.535579928520377, 31.227780018412876, 35.077896719942004, 39.389832443700215, 19.682522330678978, 23.370857829948832, 30.622170569402442, 44.32036202644068, 41.63968018968731, 31.185767561888227, 37.234435786422374, 47.71745510718193, 34.225054636673256]
HSV Y binary:
[0.2809064357182207, 0.3274216882963788, 0.15156034244683786, 0.2869005713316329, 0.33186530457813085, 0.3458980632578596, 0.38625832283945494, 0.3657007615373292, 0.31101124966485405, 0.42569038730881475, 0.3271451699946033, 0.3844375068274201, 0.4254180178799924, 0.37286777536124704, 0.34604625960919777, 0.31723021345182656, 0.330040254512401, 0.339814283928665, 0.3571357656986845, 0.3500700280112045, 0.24174106522041441, 0.2585338915278627, 0.2953932149711392, 0.323736252971694, 0.33446778038461894, 0.1774278032726093, 0.19706627493559856, 0.3460354409143336, 0.3748412068089284, 0.37251116053822975, 0.30380693815987936, 0.37654859577297795, 0.4251354244312279, 0.320359061918332]
area/perimeter:
[95.16345275141073, 102.53944845013746, 102.67951489365072, 102.40657764815712, 101.97995675778188, 104.47023961607628, 89.03615301876852, 101.98436913627951, 97.42501561203255, 99.31609176445615, 103.18877595898103, 102.6754635088325, 102.98797058539752, 105.00936841756288, 101.3674467901585, 102.24156105369359, 101.31072675799177, 98.05714619150595, 91.77242669043584, 103.54623335420186, 105.54373240370793, 87.3046124603685, 107.04141512770097, 104.2597665657344, 107.39511431708212, 93.80709192895326, 84.80459655344042, 95.26677525996475, 99.33577789268371, 102.41277223691179, 102.57094309379887, 100.25300650397446, 99.76380164353255, 104.93688100543936]
Convexities:
[0.9327142762068901, 0.9202912809614423, 0.932803357298131, 0.9205305750641929, 0.9172324190526532, 0.9314341380698163, 0.919581266251766, 0.927918992780873, 0.9161283941171757, 0.9333379971592728, 0.979392070596522, 0.9470226404681743, 0.9503343923837462, 0.911870039433211, 0.9321211632165923, 0.9116690051225356, 0.9652168773608142, 0.9184680293420657, 0.9277264482631999, 0.9730907737780267, 0.9277804689042641, 0.913497641598261, 0.9208134316683633, 0.9624749383178024, 0.9373737290590901, 0.9115207076646034, 0.938860653289104, 0.9351958222023596, 0.9610466814512941, 0.9134530570458201, 0.9305377195075636, 0.9301798500380054, 0.9307970128599434, 0.9718373545589831]
Mean curvatures:
[0.3656552661604291, 0.37721321124567314, 0.29830547959864123, 0.37009700302271226, 0.3805660397340967, 0.2980964397337002, 0.3179184760751085, 0.3388472791229327, 0.398246408882059, 0.33780576698100506, 0.25723614476432227, 0.3114432558602416, 0.3184418861969829, 0.40588165797840203, 0.33015241155254127, 0.38126822157711665, 0.2936988470576547, 0.38998848589835033, 0.3477806105191929, 0.2735780961135698, 0.3206276113514706, 0.36631234080510583, 0.37286915570242174, 0.29028439342869256, 0.28960377700937673, 0.37896684307267675, 0.333386399029619, 0.33610288130879384, 0.2884956368946237, 0.38903611028219565, 0.34965048967023027, 0.37182330372416994, 0.36614633386833034, 0.28052020206153044]
Max curvatures:
[1.0, 1.0, 1.0, 1.0, 1.0, 1.0, 1.0, 1.0, 1.0, 1.0, 1.0, 1.0, 1.0, 1.0, 1.0, 1.0, 1.0, 1.0, 1.0, 1.0, 1.0, 1.0, 1.0, 1.0, 1.0, 1.0, 1.0, 1.0, 1.0, 1.0, 1.0, 1.0, 1.0, 1.0]
Skewness curvatures:
[0.14913175323456254, 0.17815505859369696, 0.5869653740979327, 0.2035070816960702, 0.06691296818581985, 0.6006671215506127, 0.51094629186233, 0.23991433327408068, -0.004094977380045648, 0.25191323691477974, 0.6119551904318195, 0.3578016788352422, 0.32896090263042077, 0.032160909935287134, 0.2781609943834841, 0.16264360883395274, 0.39752652217985507, 0.09055811398068088, 0.18823313497478064, 0.5289470311532887, 0.47091287861227027, 0.1541518721737342, 0.10491827268137936, 0.4442661729074489, 0.6271613380597583, 0.18473984608415076, 0.24551420786955486, 0.27251662087365475, 0.4595592670630781, 0.10420412537315456, 0.2991404725483359, 0.11389215634679631, 0.18474698493741928, 0.47649784535630074]
Kurtosis curvatures:
[-1.7791225473560675, -1.7337616185041567, -1.4445961560659646, -1.7293963853038419, -1.7929536735041482, -1.4260748528485823, -1.5208311842289877, -1.7842723114208856, -1.7780213891009924, -1.7740634596209481, -1.5686103661660324, -1.7447588620127519, -1.7550090265791765, -1.74870810023938, -1.7730129038813687, -1.7362885757537851, -1.7770543597275752, -1.7557140667865923, -1.8067770724920222, -1.6431008608127078, -1.5626841168407064, -1.773061657885598, -1.7909499426679647, -1.7096329921275828, -1.3986641649486091, -1.7284090918754376, -1.8013177949151102, -1.7558892101636066, -1.69110105726753, -1.75144031533298, -1.6913817522397043, -1.7875256220840265, -1.7498859863586251, -1.707307064557324]
RMS curvatures:
[0.5260525657565583, 0.5436307297201255, 0.484179199017611, 0.5373846045794479, 0.5360426962023629, 0.4855435688311782, 0.5034204804344106, 0.501920375779237, 0.5501131986543228, 0.50173960113374, 0.4298704196668549, 0.4785388855197884, 0.4847383307997997, 0.5630713458330926, 0.4947074797273661, 0.5470391853644394, 0.4597606758460597, 0.5498747172987766, 0.5080913700287116, 0.4447057787775231, 0.5022861387409068, 0.52734996227262, 0.5304885417325576, 0.45922937376171175, 0.47616206302322095, 0.5466947968080452, 0.4957712631370077, 0.5015503913178175, 0.45821553330144016, 0.5501963734728865, 0.5216603196764508, 0.5300948332119241, 0.5302843105598103, 0.44944530442064395]
Norm curvatures:
[0.4506752041253768, 0.4697630011131966, 0.38024276877519403, 0.45983437494094803, 0.4663681335076009, 0.37874734965299606, 0.4039876287596059, 0.4152688686968663, 0.49009242726500063, 0.413258990868837, 0.31110758889937645, 0.3774985071704288, 0.38682236347510085, 0.5048964316758108, 0.40262788373402847, 0.4705267959173377, 0.3554267324470139, 0.4842996490886347, 0.423339563867296, 0.33234307317207584, 0.4037115935168139, 0.4471206543232297, 0.4580638788261312, 0.3501007783220218, 0.36648993731283264, 0.4712796807109035, 0.4047154481455106, 0.40841557194596034, 0.3497566867969081, 0.48157857143246036, 0.43678855761473295, 0.4556805457326866, 0.45338624745991696, 0.33819534395762024]
Radius of curvatures:
[1.361911511656312, 1.3315395723271413, 1.328715634755059, 1.335254102045724, 1.363869423863322, 1.3228045164521727, 1.3152471004906645, 1.3764741044679911, 1.3584860349052292, 1.3745805260666848, 1.4028305942468118, 1.3852186130069788, 1.3824654569936006, 1.3342642534591704, 1.3788308548810884, 1.3298751941065574, 1.401442902943362, 1.341017498746389, 1.3777387854693126, 1.3981909747168295, 1.327539973021037, 1.3592767870818279, 1.3642014087856913, 1.3944367875117802, 1.332206589746896, 1.3254213188611264, 1.3831334178566965, 1.3710983960294276, 1.3931035047865876, 1.3377741513457897, 1.3375749296873245, 1.3630978461653518, 1.3493686276884895, 1.4010548442314086]
Pigmentations:
[93.86604952984322, 91.8430297318139, 99.92071085016316, 86.9585873782564, 82.78380172604558, 75.67764098192121, 33.52249424565809, 83.51590014501761, 90.59488177740049, 54.85366297036902, 99.17437380825756, 59.66798356406519, 53.8466465132961, 82.28855344960213, 98.86515353805073, 82.16292225843868, 98.88541652695254, 79.88409048420266, 99.86856958555072, 81.00627859118376, 98.87296840144143, 84.1393102015375, 98.0549012993428, 88.92122009539112, 98.76968475008671, 98.39749280184026, 99.04481032393798, 90.77124143043847, 79.01074854461127, 74.91973802491331, 97.45909579129793, 81.04420466411416, 73.71248673989666, 92.99897099737032]
