Filenames:
['B9HD1P1-01.png', 'B9HD1P1-02.png', 'B9HD1P1-03.png', 'B9HD1P1-04.png', 'B9HD1P1-05.png', 'B9HD1P1-06.png', 'B9HD1P1-07.png', 'B9HD1P1-08.png', 'B9HD1P1-09.png', 'B9HD1P1-10.png', 'B9HD1P1-11.png', 'B9HD1P1-12.png', 'B9HD1P1-13.png', 'B9HD1P1-14.png', 'B9HD1P1-15.png', 'B9HD1P1-17.png', 'B9HD1P1-18.png', 'B9HD1P1-19.png', 'B9HD1P1-21.png', 'B9HD1P1-22.png', 'B9HD1P1-24.png', 'B9HD1P1-25.png', 'B9HD1P1-27.png', 'B9HD1P1-29.png', 'B9HD1P1-30.png', 'B9HD1P1-31.png', 'B9HD1P1-33.png', 'B9HD1P1-34.png', 'B9HD1P1-36.png', 'B9HD1P1-37.png', 'B9HD1P1-38.png', 'B9HD1P1-39.png']
Areas:
[124982, 118756, 138275, 128679, 125428, 147224, 114240, 151964, 135329, 138012, 120858, 142598, 161690, 134221, 144315, 141704, 139460, 108086, 100775, 129415, 120459, 154122, 128726, 115329, 140048, 147832, 142535, 142612, 190577, 93736, 133530, 142883]
Perimeters:
[1466.829652614022, 1375.9474016201134, 1501.716954241814, 1472.4570696119915, 1441.876333808248, 1457.3910524340095, 1377.9890321804562, 1510.7880220536792, 1511.5992052357226, 1508.8712831743646, 1398.3910524340092, 1453.4915574973977, 1620.3981951089459, 1502.4398256692884, 1446.5209947489204, 1509.8885271170677, 1494.4743135546946, 1284.0235200658624, 1268.8630944789018, 1471.5575746753798, 1340.2783540618016, 1616.1971849821691, 1458.9423509862302, 1363.7930726875627, 1510.5647173503164, 1499.4032457428293, 1542.9423509862302, 1430.4621202458748, 2396.6073939311855, 1303.403245742829, 1408.8641404994282, 1543.528137423857]
Minor axes:
[368.30407709546233, 352.9660309136223, 403.3917958720514, 399.9514890951443, 370.5458271299283, 413.0192960472258, 356.43221017284577, 435.70133948404344, 398.5719633565776, 395.549960411463, 362.30004678976513, 409.7971310011092, 439.61622976178694, 382.81682683009615, 425.24870831086884, 415.1174193316194, 411.1953483970145, 329.89757888578646, 307.0659484676734, 386.7559593494852, 372.72683684799665, 425.699240061403, 393.42871977282715, 345.2787427708238, 402.4045986036771, 429.01579037327247, 403.7347073781211, 410.35802308655116, 485.21290426390516, 326.8777413767128, 388.6396613715489, 408.47774849845354]
Major axes:
[432.503366002187, 428.5682881813523, 436.4957916733981, 409.9056366613646, 431.0834743131142, 454.05817834334766, 408.15669090749304, 444.2968354220025, 432.54970212147686, 444.32679360580795, 424.9010998381367, 443.23780118574535, 468.4791898556964, 446.5010033666518, 432.3125416109734, 435.05320713707533, 432.00171067749477, 417.49058743644093, 419.36924996203595, 426.12844783725217, 411.6115340271656, 461.27523882117225, 416.6135895509496, 425.60807567501524, 443.3341518443243, 438.9572140773056, 450.1738966374588, 442.6791955885557, 503.46877367414305, 370.89765707615305, 437.6032316792636, 445.97498821929446]
Convex hull areas:
[126038, 119691, 139164, 129902, 126543, 148056, 115160, 152898, 136402, 138987, 121878, 143775, 162890, 135307, 145199, 142765, 140401, 109064, 101820, 130440, 121376, 155247, 129662, 116247, 141367, 148900, 144020, 143404, 211176, 96155, 134451, 144328]
Elongations:
[0.08038012706083225, 0.09692193492785613, 0.039620062369991334, 0.012220385778622602, 0.07586233831595865, 0.04745121050505379, 0.06793233145656491, 0.009775767945009619, 0.04107764436457843, 0.05823287490522214, 0.0796913693213471, 0.03921080318269242, 0.03193776245967714, 0.0771379953594477, 0.00827438032996618, 0.02349155580989613, 0.024809251317539874, 0.11764177350537858, 0.15510669695742926, 0.04866318220536846, 0.04974416480130682, 0.040277082647866204, 0.02863756253816791, 0.10443550547252192, 0.048604221503404946, 0.011436234364580177, 0.05460227323578915, 0.03799483108859677, 0.006293171013715318, 0.06306205655274429, 0.05940412208150831, 0.04405989825539892]
Roundnesses:
[0.8581266212809402, 0.8592683674403674, 0.8740695561295867, 0.8670056231256259, 0.8486298054456093, 0.8699974514180522, 0.848462543255257, 0.8857975786010239, 0.8522120424557023, 0.8472504390917884, 0.852117771474567, 0.8585325039090179, 0.8655535864702604, 0.839080359667062, 0.8611962946824279, 0.8607774896527585, 0.866220690465582, 0.8202400176038352, 0.8176526711377399, 0.8565398417071588, 0.8589608096206862, 0.8508313230968851, 0.8651730593457609, 0.8428729338105301, 0.8448363818138657, 0.8633835949664863, 0.8653174164345423, 0.8647091856972154, 0.868780256883826, 0.7850264894706062, 0.8722772347557594, 0.8809491398309748]
Eccentricities:
[0.5248409982409363, 0.5676299634258267, 0.3829242948349206, 0.21842250025972687, 0.5120193845670761, 0.41592961172291526, 0.4881176601299786, 0.19583057227885717, 0.38935848217646785, 0.4560714246796768, 0.5229209126999278, 0.3810914559444089, 0.34636079969337, 0.5156948854835145, 0.1804342601370522, 0.299503306913747, 0.3073928684806612, 0.6137735251497572, 0.6819038911263678, 0.4207210364618091, 0.42493020048758334, 0.38584241544504255, 0.32903010923868525, 0.5852126728913226, 0.42048972660180983, 0.2114623289678956, 0.44314581727366403, 0.37557533550116784, 0.15766679409738021, 0.4724495538096877, 0.46012584520842026, 0.40209282683999203]
Solidities:
[0.991621574445802, 0.9921882179946696, 0.9936118536403092, 0.9905852103893704, 0.9911887658740507, 0.9943805046739072, 0.9920111149704759, 0.9938913524048713, 0.992133546428938, 0.992984955427486, 0.9916309752375326, 0.9918135976351938, 0.9926330652587636, 0.9919738077113527, 0.9939118038003016, 0.9925682064931881, 0.9932977685344121, 0.9910327880877283, 0.9897367904144568, 0.9921419809874271, 0.9924449644081202, 0.9927534831590948, 0.9927812312011229, 0.9921030220134713, 0.9906696753839298, 0.9928274009402284, 0.9896889320927649, 0.9944771415023291, 0.9024557714891843, 0.9748427018875774, 0.9931499207889863, 0.9899880827005155]
Curvatures:
[746.0407640085655, 544.7321061434641, 684.8778131046633, 738.1707063234767, 648.7356774809323, 472.397582364308, 621.8828637385466, 510.05443661380036, 735.3422791987306, 666.8569978244918, 540.0544366138004, 456.2848839920998, 680.3336572273789, 663.9036790187179, 437.3853890554882, 625.493036793813, 627.7356774809323, 410.85847712090697, 419.7371567773473, 679.5310960166873, 456.45645686735367, 772.3042199758561, 647.8326112068523, 525.7615433949869, 573.6574669941303, 531.6107857999044, 742.8986283848346, 426.48589411887656, 461.78740930904155, 642.6818536117698, 461.94173824159225, 738.9280656363574]
Curvature Stds:
[0.38087759753908634, 0.36519328609684143, 0.37705060281736924, 0.3856926126684465, 0.3733951466383121, 0.3441654819382883, 0.3869345045337388, 0.35352751177266084, 0.3861805917723917, 0.37592131338877904, 0.3675785218141823, 0.3457234439342945, 0.36968609797962465, 0.3900785395660191, 0.3410550865053741, 0.36852298807617345, 0.36834731079926386, 0.34644824223285675, 0.35293212699338955, 0.389557469720169, 0.35155163280460583, 0.38292622070089216, 0.3895783942045265, 0.36457624257818794, 0.3821247536932334, 0.3578054804574154, 0.3842694820408239, 0.33895592206409636, 0.3768121017964635, 0.38701679695173064, 0.3488067848913713, 0.38704690326595437]
BBARs:
[1.1187335092348285, 1.1833333333333333, 0.9422632794457275, 1.0272952853598014, 1.129973474801061, 0.9183222958057395, 0.9567430025445293, 0.9709821428571429, 0.9533799533799534, 0.9049773755656109, 1.1584699453551912, 1.0857843137254901, 0.9509594882729211, 1.02676399026764, 1.0165876777251184, 0.9722863741339491, 1.0413625304136254, 1.2705167173252279, 0.7359413202933985, 1.0477386934673367, 1.0930851063829787, 1.0528735632183908, 0.975609756097561, 1.2196531791907514, 0.9976580796252927, 0.9706546275395034, 1.0598086124401913, 1.0931372549019607, 1.0061349693251533, 0.8937329700272479, 1.1266149870801034, 1.0258215962441315]
Frechets:
[183.7722775611164, 175.58829687652877, 200.06811340141138, 195.04166221605064, 183.49182543099843, 206.6137701122556, 175.89556560641316, 214.39041489768147, 197.00571057713023, 196.89146756525534, 179.93679445849867, 201.5967509658824, 217.09041895026138, 190.0927405241978, 209.05800630447044, 203.48525745124633, 203.74555209868998, 162.3922719836138, 147.71678983785154, 192.2920955213708, 185.1924674494079, 209.76951637451995, 195.50255752802826, 172.04432568381904, 198.56296230666987, 211.8802727957466, 193.70402680378123, 203.52211182080438, 346.1520619612138, 158.80255035735414, 190.8513819703698, 199.94061618390597]
RGB Y:
[0.2879872407178049, 0.20734029338887577, 0.23686501443534858, 0.2818137763677925, 0.32670357828181373, 0.24023158080465806, 0.233250905259977, 0.2823591840625594, 0.2268893952643518, 0.26613550796224406, 0.30594503377791593, 0.29007791266333716, 0.29778033189019487, 0.25709138613278837, 0.270619497851313, 0.24296503576533143, 0.2506803974073001, 0.3416452432318625, 0.22096773783895035, 0.3150272589348562, 0.2939001364490285, 0.29073032340928706, 0.3004129504870944, 0.2684468789344337, 0.32356401475063, 0.2745731044235919, 0.3119414700648476, 0.26111395474807303, 0.37641343423955564, 0.21330458026533727, 0.29471415369542975, 0.17702933085437858]
CIE Y:
[72.55719982672481, 70.15205531870433, 71.76564806574996, 71.2564503933525, 73.16395829310783, 71.47156259065868, 68.1307195761884, 73.17769241342351, 77.58974591697731, 74.39287023676069, 72.26430275779165, 76.43039254190717, 73.85246693979248, 70.81139717971975, 73.34660492494693, 75.14948138840019, 71.88102359980026, 72.90676923614578, 69.20786144782443, 70.91521843187516, 71.80122376679125, 72.33289663520911, 76.04458111523071, 71.93872235323792, 78.53293797439973, 75.28376494524676, 75.08924598193848, 71.25139103234751, 84.10856120832206, 74.16396530189239, 77.73799260845014, 69.89894489512005]
lab b Y:
[36.540351501102066, 27.25095023930962, 30.64588280672639, 35.6198430816555, 40.264948547087734, 31.32323025169827, 30.22734478805469, 35.734237789528784, 30.02200769156759, 33.655672937343994, 38.366274181245274, 36.761832488961694, 37.51650038232256, 32.94684298117575, 34.675882250836004, 31.149958934969636, 32.56357645195293, 42.75017231211847, 28.759112188119058, 39.062117674841204, 37.18470873639407, 36.570288395806365, 37.44931279204065, 34.177472294143435, 40.720237053836605, 34.97962848489405, 38.64553926371998, 33.71065608104764, 45.988690213126446, 27.468869850856805, 37.74698144658467, 23.56338728635775]
HSV Y:
[0.3393675918496372, 0.2574380317917871, 0.29696714376489836, 0.34207536217281936, 0.38629138094269677, 0.28811402901886574, 0.28189712383852794, 0.337261256980541, 0.2764707090253091, 0.3276096138854102, 0.3553095347099126, 0.34698682858463814, 0.35083004702831105, 0.30202929491505953, 0.31280174997985283, 0.3267240180249975, 0.2997240430119717, 0.3764779669433878, 0.2744685546116647, 0.36900356163515574, 0.3389099340417487, 0.34847478505730095, 0.37135950802560425, 0.32276990524697147, 0.3747670585586257, 0.33163903929161775, 0.38485151640086035, 0.30532029931257476, 0.4608036300824336, 0.2600965477255826, 0.3354161029542091, 0.24184039996086212]
RGB Y binary:
[0.2945239383868519, 0.02630252100840334, 0.06361531279178338, 0.32968429061466986, 0.34851489911879086, 0.11671927307508369, 0.28389191860362506, 0.29677520468896346, 0.08274509803921568, 0.3030518339411236, 0.3507667776473957, 0.320769032400463, 0.3257987234377426, 0.20027030145204622, 0.26116741020868417, 0.2567204631089874, 0.10878643349231583, 0.37666751509037255, 0.12351358406870457, 0.3494117599185775, 0.32293670180380424, 0.2835957122148471, 0.333665857906034, 0.2856035201730447, 0.3206234115238596, 0.22121272341860576, 0.32105790430953834, 0.27418771543199416, 0.451314393492868, 0.1461469570527173, 0.29252559763631475, 0.011595185624682137]
CIE Y binary:
[65.77164477553293, 11.327198630820446, 22.41748230217855, 69.20674353923026, 69.89146239329176, 32.14504633841211, 65.19696626670677, 67.63357442047982, 26.626312875978282, 71.10288093525284, 70.55015232506109, 67.7248487654671, 69.21990491142908, 51.44394385909765, 63.359987607092286, 61.15659418401752, 34.15937618013088, 75.188587793089, 36.06199944812793, 73.71555565073125, 69.66853517639186, 65.5098914623587, 72.0370385662945, 65.98194267983692, 71.06225138104055, 56.7203935719175, 67.31325074941351, 63.104659833549015, 81.47818198425622, 43.22799718372528, 65.62621600288418, 8.782989416222593]
lab b Y binary:
[37.122344495267015, 3.1745866992029814, 7.727567252221932, 41.02984815736149, 42.543098961297034, 15.492558289234193, 36.094145226982306, 37.1466577322695, 9.95596572626443, 37.55056773231335, 43.258157546074564, 39.66860605850029, 40.38543068122395, 25.290418353465515, 33.00111411623244, 32.07283039979433, 13.209355443695046, 46.96984960291621, 15.478744642086768, 43.24977756515654, 40.336521258568, 35.51874472943911, 40.73833600489777, 35.867145125695785, 40.07028517440677, 27.556743785956492, 38.739781523497214, 34.63129422885873, 53.755728009838535, 16.967420744908253, 37.05377526417898, 0.46229225932231244]
HSV Y binary:
[0.31865550551233635, 0.13790849673202613, 0.09969125771855702, 0.35448054045147465, 0.3834434953731943, 0.22041884816753923, 0.30116414930002333, 0.3371386657688422, 0.10457516339869284, 0.3444306318001299, 0.3791877342764255, 0.34929652847160203, 0.35784324978068727, 0.23087095303237573, 0.28326553236135443, 0.29571250330136695, 0.1477450980392157, 0.3979381347255489, 0.144171918517085, 0.3819157973661312, 0.3522398857745056, 0.3187381417608246, 0.3920912174249884, 0.31399393382864454, 0.34812172579981054, 0.2529086103348253, 0.4042219590296969, 0.31913498518378414, 0.5172679299416668, 0.22407810860969904, 0.31185522365704826, 0.1497928748964374]
area/perimeter:
[92.08032727903468, 89.8047374412636, 97.76361111037323, 93.91816472447435, 91.72302553080176, 100.65505338867482, 87.51317831137335, 103.19089161881806, 95.49024221390351, 96.15466835493133, 90.22180068842343, 98.40243939764675, 105.22695290750478, 94.35940934310382, 99.1453155289943, 98.2183725886319, 97.74348649466671, 83.68647726884497, 80.6780673592221, 93.61208504463991, 90.43267757624938, 101.84784757635472, 93.83169758525752, 87.64865016223133, 96.72287995596687, 100.47570697599464, 98.76575982340695, 98.7533426765749, 113.91715152457941, 76.22458031322638, 95.9727590074458, 99.77794081633859]
Convexities:
[0.9089724828900548, 0.9436681461074645, 0.9289131627784716, 0.9135234248178832, 0.927448581683165, 0.987482672782537, 0.9208940418760448, 0.9682399149603584, 0.9151286839275676, 0.9262224336725899, 0.9355720602812163, 0.9736604791063395, 0.930285338223918, 0.9197663388185029, 0.9829747255052844, 0.938350905084089, 0.9382415182923091, 0.9682715193814455, 0.9532960404410799, 0.9170615031748232, 0.9714045207910316, 0.9139397066842705, 0.920408204636291, 0.942997132829705, 0.933903717379449, 0.9638157152520631, 0.9247412964114166, 0.9857495168712708, 0.7596547349440891, 0.9014590453111744, 0.9719232337249483, 0.9233169264203954]
Mean curvatures:
[0.41149518147190595, 0.322136076962427, 0.37282406810270186, 0.403592513025411, 0.36922918467895977, 0.2676473554472, 0.3600943044230148, 0.27675227162984284, 0.3913476738684037, 0.3575640739005318, 0.3163763541967196, 0.25969543767336356, 0.3423923790776945, 0.3499755819814011, 0.2509382610760116, 0.3401267193006052, 0.34434211600709397, 0.26320209937277833, 0.27705422889593884, 0.37193820252692245, 0.27917826108095023, 0.38673220830037863, 0.3545881834739203, 0.31768069087310385, 0.2967705468153804, 0.2912935812602216, 0.389564042152509, 0.24496605061394403, 0.35742059544043464, 0.3921182755410432, 0.27125175469265544, 0.387481943175856]
Max curvatures:
[1.0, 1.0, 1.0, 1.0, 1.0, 1.0, 1.0, 1.0, 1.0, 1.0, 1.0, 1.0, 1.0, 1.0, 1.0, 1.0, 1.0, 1.0, 1.0, 1.0, 1.0, 1.0, 1.0, 1.0, 1.0, 1.0, 1.0, 1.0, 1.0, 1.0, 1.0, 1.0]
Skewness curvatures:
[-0.05475257752422528, 0.30223536324285255, 0.10298482281488633, 0.013520749778370311, 0.09377669415967035, 0.5141192640989979, 0.23970124667949583, 0.530735069884788, 0.07442832087177312, 0.17617834441985697, 0.3605211587434886, 0.6026953677656567, 0.2138670706911285, 0.3159407696252624, 0.6366529228492755, 0.21775917042714307, 0.1912360305028102, 0.5781043252141231, 0.522526214476383, 0.19344789915927535, 0.4914814422324806, 0.07500397919052611, 0.28692756261865754, 0.3263709862389806, 0.6027429916327401, 0.4547770576116791, 0.0703361252016016, 0.6733338327312078, 0.18367625889752298, 0.07617884270956946, 0.5309712104621012, 0.09888366869682438]
Kurtosis curvatures:
[-1.7593056027482787, -1.7764980453498946, -1.7925634617080584, -1.7579101502903003, -1.812836139250663, -1.718631562167941, -1.7211621627962632, -1.6195419646932643, -1.7601842465054978, -1.781787780409434, -1.7178620542594012, -1.572750397585993, -1.8003463299420857, -1.676878345936343, -1.556129371134825, -1.8056093890952827, -1.8183987669580803, -1.6048457660082838, -1.6345916599713697, -1.7327284284975693, -1.6852218233188827, -1.7703818760705379, -1.6937719639123674, -1.7624961706439417, -1.424594211766839, -1.684162050678341, -1.7659747624493454, -1.5105707945003124, -1.7752885080709409, -1.7578853541730806, -1.6542974572613107, -1.7566651560352704]
RMS curvatures:
[0.5607102894380868, 0.486967954069826, 0.5302498871679178, 0.5582523694863989, 0.5251229630779213, 0.4359873688946666, 0.5285699753832644, 0.44896939921607926, 0.5498076493682905, 0.5188149003298668, 0.484982440088203, 0.43239613785757747, 0.5038852570674044, 0.5240650484559896, 0.42342482556298083, 0.5014931484305486, 0.5042333132878989, 0.43508818607320754, 0.44868712040039804, 0.5386028673463764, 0.44891987256944604, 0.5442373484401413, 0.5267865840075201, 0.4835668082137589, 0.48383063652709524, 0.4613856438260375, 0.5471957399012942, 0.41820985528286525, 0.5193619567365935, 0.5509435026716065, 0.4418638790511166, 0.5476746859360055]
Norm curvatures:
[0.5070571546407738, 0.39496522555527397, 0.45445512824476525, 0.4996564296236907, 0.44852937928602427, 0.3235113549553903, 0.44683242519890715, 0.3369773345755144, 0.4842334509100944, 0.44064763945660007, 0.3853035491828241, 0.31331361844250677, 0.4190173357482806, 0.4387594144044227, 0.3017804971350884, 0.413376612750308, 0.419128377830716, 0.3191713490554096, 0.3299009040378479, 0.4596751422622543, 0.3398512041344203, 0.47616515498895345, 0.4415568678142985, 0.3847162827946104, 0.37613896993562457, 0.35378314385362497, 0.47944449924495575, 0.2975571805041672, 0.4361894462948551, 0.4903018968733379, 0.3272254517986326, 0.47670180046275734]
Radius of curvatures:
[1.3538507819267647, 1.3843104442338612, 1.3648489991433659, 1.3446121031218787, 1.3728392224311743, 1.4111038509438676, 1.3403732936228243, 1.3925054861580748, 1.344325677363643, 1.366348884054427, 1.3765066212331531, 1.4012084269767655, 1.3785439337510852, 1.330031591267247, 1.406792798226346, 1.3808248523219928, 1.381943436002168, 1.4019459133132648, 1.3942857621214684, 1.3356478025065934, 1.399234141092307, 1.351759182832405, 1.3325445364978807, 1.3843810066343127, 1.3252549449506854, 1.3899476452313473, 1.3486787594012872, 1.407298477859354, 1.3642681971351818, 1.3424100321032308, 1.4013697309816815, 1.342416544895092]
Pigmentations:
[89.43550524971282, 99.94080288205397, 98.856433379076, 64.64418657281318, 50.7179064199172, 99.44099802304179, 95.11356239334283, 86.28160752503501, 99.99258182249785, 95.68064732077887, 56.46989413504844, 75.48589650633197, 71.38982335489156, 97.3293324453557, 98.614995061007, 91.17574143463263, 99.86683366444963, 40.914795704922604, 90.49531192395452, 36.4455237371112, 77.70716573258606, 83.25918302207573, 75.06885440317082, 89.17033837794536, 86.68942224261937, 97.78892970888027, 66.22765624779908, 99.75570949846527, 69.20971442132743, 98.45060153117025, 86.27953658664943, 99.51255487269535]
