Filenames:
['B3CD1P1-02.png', 'B3CD1P1-03.png', 'B3CD1P1-05.png', 'B3CD1P1-08.png', 'B3CD1P1-09.png', 'B3CD1P1-10.png', 'B3CD1P1-11.png', 'B3CD1P1-12.png', 'B3CD1P1-13.png', 'B3CD1P1-14.png', 'B3CD1P1-15.png', 'B3CD1P1-16.png', 'B3CD1P1-17.png', 'B3CD1P1-18.png', 'B3CD1P1-20.png', 'B3CD1P1-22.png', 'B3CD1P1-24.png', 'B3CD1P2-01.png', 'B3CD1P2-02.png', 'B3CD1P2-04.png', 'B3CD1P2-05.png', 'B3CD1P2-06.png', 'B3CD1P2-08.png', 'B3CD1P2-09.png', 'B3CD1P2-10.png', 'B3CD1P2-11.png', 'B3CD1P2-12.png', 'B3CD1P2-14.png', 'B3CD1P2-15.png', 'B3CD1P2-18.png', 'B3CD1P2-19.png', 'B3CD1P2-20.png', 'B3CD1P2-21.png', 'B3CD1P2-22.png', 'B3CD1P2-23.png', 'B3CD1P2-24.png', 'B3CD1P3-01.png', 'B3CD1P3-02.png', 'B3CD1P3-04.png', 'B3CD1P3-05.png', 'B3CD1P3-06.png', 'B3CD1P3-09.png', 'B3CD1P3-10.png', 'B3CD1P3-11.png', 'B3CD1P3-15.png', 'B3CD1P3-16.png', 'B3CD1P3-17.png', 'B3CD1P3-22.png', 'B3CD1P3-23.png', 'B3CD1P4-01.png', 'B3CD1P4-02.png', 'B3CD1P4-03.png', 'B3CD1P4-06.png', 'B3CD1P4-07.png', 'B3CD1P4-12.png', 'B3CD1P4-13.png', 'B3CD1P4-14.png', 'B3CD1P4-17.png', 'B3CD1P4-18.png', 'B3CD1P4-20.png', 'B3CD1P4-24.png', 'B3CD1P5-01.png', 'B3CD1P5-02.png', 'B3CD1P5-03.png', 'B3CD1P5-04.png', 'B3CD1P5-05.png', 'B3CD1P5-06.png', 'B3CD1P5-09.png', 'B3CD1P5-10.png', 'B3CD1P5-19.png']
Areas:
[78626, 81022, 75313, 77877, 73093, 101174, 80665, 120232, 74511, 75014, 79781, 78473, 77219, 75617, 70030, 79867, 77647, 72104, 79506, 71653, 48957, 75606, 66402, 80537, 75990, 77458, 75598, 66994, 78297, 93632, 75328, 75347, 65537, 63808, 81178, 63083, 81202, 83651, 73931, 88781, 78886, 87339, 97163, 81487, 86175, 85211, 84139, 85159, 78757, 92493, 65807, 85250, 87211, 102607, 87257, 83447, 83143, 90263, 111220, 92895, 83651, 103134, 84952, 73082, 82833, 72748, 84072, 82383, 91044, 75493]
Perimeters:
[1135.3494218736669, 1185.734198184517, 1138.4255403194154, 1152.3666658163697, 1148.052957317385, 1307.8103166302658, 1133.7270555095806, 1647.3637072235397, 1060.9158723275375, 1086.95750288788, 1160.2834046956848, 1105.4600282048218, 1174.496608131281, 1160.3910524340095, 1117.940258945177, 1192.3788591251898, 1147.0174234114525, 1120.0773439350248, 1167.7341981845168, 1108.940258945177, 950.6904755831214, 1113.0580079512686, 1032.2173875177025, 1146.4844148224613, 1154.9940828143394, 1180.2955980045044, 1143.4549775709386, 1065.1118318204308, 1155.4255403194156, 1311.273303427918, 1073.3717164502532, 1121.099638511611, 1071.0823945689078, 1068.702668891941, 1252.052957317385, 1076.8935777509512, 1170.383909759073, 1172.7636354360397, 1131.0580079512686, 1252.2194795587554, 1162.8986283848344, 1192.8397538817887, 1205.2123368838193, 1216.5920625607862, 1230.9524522539969, 1216.2316728675755, 1210.8763338082479, 1158.0702012600882, 1119.3422791987305, 1371.415439051649, 1108.8275605729689, 1227.5088014401008, 1236.7758287448596, 1447.4143930311222, 1263.2367235014588, 1248.9717882377531, 1169.0285706997456, 1177.2834046956846, 1609.8712831743646, 1298.4743135546946, 1208.3738084913061, 1482.0722933011414, 1238.035713374682, 1075.56053326821, 1281.9007204258876, 1103.479364188578, 1245.8752877877216, 1223.8813844421313, 1229.508801440101, 1150.7098115668775]
Minor axes:
[293.8712467949439, 287.1474395988565, 273.83672500030275, 283.9347117897641, 269.3728872024414, 340.7002719166506, 288.0227261349578, 270.2546426101774, 295.01444072539135, 272.7089657189838, 286.4727173379313, 281.5111554675133, 281.18956296973397, 279.11496838375547, 257.89593210362244, 289.11156385699974, 306.79667321934767, 273.43131889060504, 290.6631442568512, 297.8745243891487, 184.2547910280761, 263.5032757137738, 257.5814863823141, 283.77410323283664, 267.0969375917573, 270.0076111909049, 291.35052406600914, 267.7033802741607, 303.64211055719096, 277.0139722050617, 282.3204670889263, 288.3076455751588, 245.7225868989667, 236.711845771342, 242.64107373786916, 235.57161554262808, 292.52900283476316, 308.057487697305, 255.58625961776738, 309.0617366687546, 283.7292096072733, 324.86476183063314, 339.6652913720734, 285.0044907688759, 300.7252733168955, 288.29327695990025, 304.8493902135456, 298.80289144743006, 305.2340499630973, 253.98229033816807, 237.61512662965242, 286.1178905066084, 315.9298729767491, 250.9280461713845, 300.2303383270381, 290.7807657868884, 286.50764654642876, 306.09101687565226, 259.8726805279543, 323.05165032040037, 308.90225132635214, 247.5595688829964, 290.27917684915866, 259.68245864197456, 241.52974986548864, 266.21905678064996, 268.6011418648206, 276.4370542493581, 313.322441275625, 288.4187750694131]
Major axes:
[340.7822759658137, 362.90958222203204, 353.84213132474423, 349.5846388423073, 351.62301754286267, 382.15510280136846, 360.2265177114247, 588.2986251199368, 321.64574894750433, 356.69740913592466, 358.21645400500233, 360.20927074894024, 354.40273296776144, 352.1664490591227, 350.45447863923613, 354.2406781635267, 322.91758021248086, 340.0351197601569, 348.3560311086652, 309.94963435071935, 340.3557234697106, 368.44853068926017, 332.1915412706855, 361.9140712726191, 365.063434007447, 371.61365220667466, 335.2267631211636, 319.73087859647313, 329.8992957587091, 432.7759219021869, 340.75755165733403, 333.42100426457523, 340.2493602758539, 355.524928304562, 439.0358559185333, 343.9498735733161, 358.9731183664992, 345.84071881245177, 372.19530944524286, 370.448710393578, 361.65200504205495, 345.9718106793882, 366.16339506157925, 369.3352347551222, 369.31121212244454, 379.33428973761346, 355.93069256895086, 366.8564419264416, 332.91412402742924, 470.818650456984, 359.6018652976694, 382.2268767812304, 357.3127503254937, 534.3690517771313, 376.4423589603327, 378.1980361453123, 378.9250555506973, 377.48383732229865, 580.1269973216572, 368.4560769481871, 349.94618322701405, 547.3400432438201, 376.66118306041926, 362.38352547509345, 452.38468605701706, 350.1948341946511, 407.58658508250505, 386.3846718487124, 370.07578127016546, 338.01469233587216]
Convex hull areas:
[79462, 82241, 76729, 78807, 75216, 103500, 82827, 128295, 75206, 76966, 81641, 80300, 79150, 78426, 71834, 81175, 78539, 74326, 80208, 73532, 49729, 77494, 68237, 81540, 77171, 79668, 78079, 68096, 79519, 95878, 76376, 76211, 66428, 66893, 85060, 64550, 83569, 84342, 75083, 91151, 81257, 88955, 98469, 83537, 87724, 87098, 86339, 87400, 80422, 99586, 68233, 86353, 89714, 106379, 90561, 87783, 86130, 92076, 121075, 94406, 86000, 108393, 87387, 74565, 87319, 73938, 87659, 84874, 92029, 76944]
Elongations:
[0.07414887284062921, 0.11710889386750034, 0.12805890695820912, 0.10415429150027578, 0.13300313743037925, 0.057708851007721135, 0.11177572526707254, 0.3717391291668183, 0.04334386064630725, 0.1339402188424122, 0.1117527442578271, 0.12307601648818721, 0.11577334430797198, 0.11633081105315057, 0.15287956096817015, 0.10177479857882975, 0.025660471469116434, 0.1091572456122953, 0.09087183874311422, 0.019998067413341127, 0.299151010764782, 0.16679819431517565, 0.12696361189631097, 0.1214499688991437, 0.15587016729437853, 0.1590887537276395, 0.07045221561717725, 0.08890927111332783, 0.041625837791559255, 0.22035262894203272, 0.09421771320353042, 0.07285018070206796, 0.16225083387940714, 0.2014691935129041, 0.28935876292202517, 0.18799138010807506, 0.10267504849853493, 0.05803442912486866, 0.18655763321315505, 0.09072486112025188, 0.12126242353086501, 0.03178330364230451, 0.037712238376880966, 0.12947538945534068, 0.10274584587988975, 0.1370920737475501, 0.07765558748298748, 0.10287876040166707, 0.04372571244677064, 0.3005540392498891, 0.20530110646125047, 0.14448976232087024, 0.061745366215881406, 0.36219012178359067, 0.1133258987308417, 0.13133646656285503, 0.13969382102615774, 0.10483686903812675, 0.3827933156920855, 0.06601050140443426, 0.06270070569337333, 0.3786210333834454, 0.1300114175433032, 0.16580194871325177, 0.30530290657267295, 0.13694762045537817, 0.20656680801651062, 0.16674053162149244, 0.0832302145871108, 0.07972488250667409]
Roundnesses:
[0.8367664092138117, 0.8260656155446069, 0.814909797209666, 0.8404245910635474, 0.7922249716201671, 0.8199917677467753, 0.8080253901431617, 0.6497384999043291, 0.8480204691124522, 0.8036661992717922, 0.8153552026995448, 0.8053762927148768, 0.8055687202843262, 0.781614367406936, 0.8128632620377989, 0.8165514971451543, 0.8682760645528781, 0.8063100407685724, 0.8456101787335164, 0.8340780298916867, 0.7447520166664806, 0.7954106079750588, 0.8001949512524571, 0.8427118543705522, 0.8169521529007787, 0.7949863557373842, 0.8124969541060653, 0.8438609006479664, 0.8415934576928585, 0.7577947302472999, 0.8379428390382108, 0.834814543947339, 0.8029335316546212, 0.7354570986878888, 0.7102637065026405, 0.7794875464326265, 0.8083652059027686, 0.8795082755950356, 0.8038761055573603, 0.8209034012803903, 0.8022701875273148, 0.8288975455181254, 0.8363893045807257, 0.8065363008676929, 0.8296410019137956, 0.8250313443133994, 0.8230126451825545, 0.8046219099284042, 0.8241525006790515, 0.7055139870036973, 0.7660060759532346, 0.8350013465937414, 0.8192267163809266, 0.6733665625864421, 0.788865378313698, 0.7302892915444472, 0.766692832407306, 0.8273128814829832, 0.6064635999983066, 0.830694863284695, 0.8004202214323882, 0.6758879647032504, 0.7983390331270115, 0.7916749841272918, 0.6984655408133018, 0.8336236031991324, 0.7698733487492881, 0.7774467840393785, 0.8370399504268866, 0.8109258549741697]
Eccentricities:
[0.5070114828538875, 0.6126739648294381, 0.6344583420243499, 0.5845730847102352, 0.6437686533890106, 0.45423968168096407, 0.6014320345967408, 0.8889505584830909, 0.3990858470571337, 0.645498650325963, 0.6013826353265693, 0.6247518609286866, 0.609899536216274, 0.6110608531768126, 0.6782983635743525, 0.579104963273591, 0.3123623583670235, 0.595748776793387, 0.5526764039792003, 0.27728390447876394, 0.8420067971866457, 0.7000513859173548, 0.6323532232357171, 0.6215109668872446, 0.6831285584783744, 0.6882291186520426, 0.4959181897581837, 0.5476610126854407, 0.391741647349977, 0.7693142425480652, 0.5610383315350856, 0.5031601450572672, 0.693144207043976, 0.7471738777816095, 0.8344004679237856, 0.7299374974775507, 0.5811856820628338, 0.45537905746691654, 0.7280273080194208, 0.5523036832360922, 0.6211347822158926, 0.34557396686511604, 0.37427792421494366, 0.6371575539167634, 0.5813486940445582, 0.6512392033831363, 0.517173621398744, 0.5816544887967323, 0.4006932812385164, 0.8430685292394148, 0.751848063403821, 0.6642577373468258, 0.46807107777136375, 0.8836098932804556, 0.6047449768026577, 0.6406648153083314, 0.6558890799821049, 0.5861231275143536, 0.8948595904549441, 0.48203106583385563, 0.47125420788644146, 0.8926628554474887, 0.6381722430140402, 0.698554080783058, 0.8466114933892745, 0.6509787077496082, 0.7533709868430473, 0.6999649623893978, 0.5326595741418345, 0.5230146208274691]
Solidities:
[0.9894792479424127, 0.9851777094150119, 0.9815454391429577, 0.988199017853744, 0.9717746224207615, 0.9775265700483092, 0.9738974006060825, 0.9371526559881523, 0.9907587160598889, 0.9746381519112335, 0.9772173295280557, 0.9772478206724782, 0.9756032849020847, 0.9641827965215617, 0.97488654397639, 0.9838866646134894, 0.9886425852124422, 0.9701046740037134, 0.9912477558348295, 0.9744464994832182, 0.9844758591566289, 0.9756368234960126, 0.9731084309099169, 0.9876992886926662, 0.9846963237485584, 0.9722598784957573, 0.9682244905800536, 0.9838169642857143, 0.9846326035287164, 0.9765743966290494, 0.9862784120666178, 0.9886630538898584, 0.9865869813933883, 0.9538815720628466, 0.9543616270867623, 0.9772734314484895, 0.9716760999892304, 0.9918071660619857, 0.9846569796092325, 0.9739991881603054, 0.9708209754236559, 0.9818335113259513, 0.9867369425910693, 0.9754599758190982, 0.9823423464502302, 0.9783347493627867, 0.9745190470123583, 0.9743592677345537, 0.9792967098555122, 0.9287751290342016, 0.9644453563524981, 0.9872268479381144, 0.9721002296185657, 0.9645418738660826, 0.9635163039277393, 0.9506054703074627, 0.9653198653198654, 0.980309744124419, 0.918604170968408, 0.9839946613562697, 0.9726860465116279, 0.951482106778113, 0.9721354434870175, 0.9801113122778784, 0.9486251560370595, 0.9839054342827774, 0.9590800716412462, 0.9706506114946862, 0.9892968520792359, 0.9811421293408193]
Curvatures:
[454.6538956566621, 501.4320702497142, 486.67828227430164, 562.9919907732865, 548.8498551495554, 524.3975823643079, 370.60364312496796, 754.9158723275376, 373.91735162395275, 350.9467888754756, 457.1513703397205, 343.2188668141177, 526.4062043356595, 459.16861428242356, 508.77878733769, 602.1549416771886, 550.5067093990478, 419.9137802864845, 542.0092347159896, 511.64884502277886, 376.80465325174464, 366.461507501237, 358.7752160002218, 459.1219330881976, 495.74577874869885, 512.6574669941303, 484.8204178980326, 473.10973977937783, 544.811795926681, 537.3731957466684, 358.28993462598316, 491.1635636485402, 465.63308037649074, 391.8670990922585, 517.5483399593904, 466.319371877506, 454.414826307011, 493.2102448427662, 468.29350596345137, 559.0508652763322, 430.7163414971761, 466.09249583667474, 391.54476862192223, 567.3437584951455, 582.1635636485403, 467.683332908185, 509.86709909225857, 373.21024484276614, 408.20162287141466, 599.0924958366747, 490.1513703397204, 577.6488450227788, 512.6244584051393, 566.1463197058371, 572.9833688019348, 449.6122650963195, 382.8168465605644, 365.3107499061545, 758.9696961966999, 661.6488450227789, 485.4112549695428, 628.033621333629, 604.5189027078677, 333.14779900225227, 450.44069222106566, 410.52038200428274, 553.9123009900694, 509.24325343175724, 526.7199128346442, 512.3523804664972]
Curvature Stds:
[0.38241767457015924, 0.39235984828582826, 0.3710991060197853, 0.3862635749393312, 0.387172162395927, 0.36766218219428076, 0.3498683039681923, 0.39591395487577896, 0.35261585230106285, 0.3451422510469114, 0.3705021504816493, 0.34532885153420745, 0.3778206991956599, 0.3841354512821945, 0.38018291938812887, 0.38700715293981536, 0.3860031059679683, 0.38514896861190817, 0.39629571846572337, 0.3732997634337333, 0.36963505336956537, 0.3543227300720209, 0.3519219314177262, 0.3670027228829373, 0.3897979681066176, 0.380693248226035, 0.3665955119032257, 0.38455442713987037, 0.37384975080169724, 0.38802604973652566, 0.35128077519270307, 0.37039350742644, 0.39239230170188283, 0.35895395242981026, 0.3705945426699954, 0.3946041897227538, 0.36487670174560943, 0.3884784300013509, 0.371534296327757, 0.3924841853328479, 0.36511719446207025, 0.362970406679525, 0.3458537505503307, 0.39534903612505856, 0.390751793616212, 0.38619266216304726, 0.3902799826816463, 0.3467832194746171, 0.3556428758325265, 0.3923875036713818, 0.3819690033550143, 0.38774007465276594, 0.39100777810199616, 0.3696544778847913, 0.38074236311003823, 0.3788064550146042, 0.3480447146703998, 0.3444094567004166, 0.385390746200521, 0.4020224954114951, 0.3888387951373433, 0.38926593801961196, 0.3861834611420277, 0.3441910766029006, 0.37682703847068544, 0.38023962086134316, 0.3784614275905874, 0.3792582026823528, 0.3740007769545738, 0.3915640650752171]
BBARs:
[0.987460815047022, 1.0089820359281436, 0.8319088319088319, 0.8961424332344213, 0.8717201166180758, 1.0787172011661808, 0.8502824858757062, 0.9327731092436975, 0.9161490683229814, 0.8061797752808989, 0.844632768361582, 0.8045325779036827, 0.861671469740634, 0.9783950617283951, 0.8200589970501475, 0.8803418803418803, 1.044871794871795, 1.0726072607260726, 1.0544871794871795, 1.025974025974026, 1.62, 0.7437325905292479, 1.25, 0.8084507042253521, 0.937125748502994, 1.2465277777777777, 1.0921052631578947, 1.091549295774648, 1.045016077170418, 0.9354005167958657, 0.8450292397660819, 0.8727272727272727, 0.922077922077922, 0.7146974063400576, 0.6546762589928058, 1.03125, 1.178082191780822, 1.0342679127725856, 0.7528409090909091, 1.0558823529411765, 1.1883561643835616, 1.0432098765432098, 0.9561643835616438, 0.92, 1.0729483282674772, 1.0388059701492538, 0.9627507163323782, 1.159744408945687, 1.0477707006369428, 1.1595441595441596, 1.2916666666666667, 0.8677685950413223, 0.9827089337175793, 0.5621301775147929, 0.9402173913043478, 0.9661016949152542, 0.7917808219178082, 0.8333333333333334, 0.7186311787072244, 1.0288184438040346, 1.0, 1.2553191489361701, 0.8848314606741573, 0.7578347578347578, 1.0932944606413995, 1.0031948881789137, 0.806282722513089, 0.8010752688172043, 0.8614130434782609, 1.0225806451612902]
Frechets:
[144.75237476463036, 139.10877039209282, 131.50380222639953, 139.75424859373686, 124.13400017722783, 154.51618038250882, 134.16501034174297, 134.5557505274301, 146.73530590829188, 133.29759937823337, 134.58175953672176, 131.93274801958762, 130.08170509337583, 124.35935831291508, 118.98424265422712, 137.76156938711173, 149.25565315926897, 129.85857692120302, 143.35009591904708, 135.94576124322523, 92.04482603601356, 130.96278097230527, 125.90174740645978, 135.8685026045404, 124.46385017345398, 124.383479610437, 134.70430579606577, 131.8758886225985, 146.82046860026023, 135.02684918193123, 138.33022084851885, 140.39675922185668, 122.19349409849937, 114.6352912501207, 111.80898890518597, 114.36017663505072, 133.68339463074688, 153.08902638660945, 118.11540966359978, 138.7704939819701, 123.98891079447388, 151.5231005490582, 161.98225211423627, 129.14429913859922, 139.00089927766655, 135.96782707684932, 140.43236806377652, 138.21088958544476, 142.37714001903535, 118.57170826128802, 106.96845329348275, 133.23756977669623, 141.64127223376667, 118.11540966359978, 131.73173497680807, 118.24233590385467, 123.17568753613678, 144.18130946832187, 124.1219158730641, 154.63909596217897, 137.76156938711173, 113.75082417283842, 133.58611454788254, 121.52057438968926, 113.63208173750932, 124.32316759156356, 122.0870591012823, 122.76094655874888, 153.51302876303367, 134.6337624817787]
RGB Y:
[0.3306940696499597, 0.24864634987180967, 0.29994943018656645, 0.35484999014000684, 0.3653284644943614, 0.3697074818289595, 0.2947454304583963, 0.315328983100236, 0.229868177653097, 0.26211878347114037, 0.3184466758456789, 0.2703708450824574, 0.27058082936222155, 0.24332030280466618, 0.28855970680618837, 0.2642148406725412, 0.21009434419701822, 0.24682929323923494, 0.19882427810551723, 0.20895063257142982, 0.23223384886176007, 0.34635661922804206, 0.32432422157732965, 0.27788777593944564, 0.22709028365212386, 0.28059846412312667, 0.2115560663109285, 0.33181422096495816, 0.2471687255670066, 0.23178220890022355, 0.2517381689124447, 0.26315169843616437, 0.22286678361875786, 0.2041935200528995, 0.25029144429214417, 0.23330546822298473, 0.21677864143751038, 0.24866045894546004, 0.22056544664028033, 0.24946958353002427, 0.19578573784253764, 0.2812308551978737, 0.29876771680936265, 0.23954054035747735, 0.28744126297981726, 0.2843071556910538, 0.2935223161281711, 0.28964933551095384, 0.2359276229965872, 0.2723510006503961, 0.2934989618600924, 0.25559914857244426, 0.33553693545481333, 0.310890529603207, 0.24832764603791108, 0.23623201138329464, 0.3016181890723432, 0.3104760569513426, 0.31350210252434096, 0.28502977143168673, 0.23703190350445666, 0.2807234940737132, 0.24277018078000176, 0.2735656155946985, 0.27618482749492523, 0.22861390533987688, 0.30008188493350046, 0.28306585139243307, 0.31738727255166166, 0.2827979646662167]
CIE Y:
[69.77779592921198, 64.94848285577692, 68.31237257585089, 68.67502107099718, 68.11195184864543, 73.3637540783753, 67.71204461474358, 68.98424338817496, 66.51819555566759, 69.75804248817256, 68.70711859109788, 62.939278577108134, 68.52471375088936, 65.35194947879121, 65.1899154337264, 64.59222329746325, 64.05900570459582, 65.43122068126513, 62.05454399690439, 62.25804446801951, 63.154951722259156, 69.39352980972161, 69.37624907518517, 67.1944252540429, 64.12122546301832, 68.28466128490696, 66.60437895115894, 64.98652236399946, 67.57401877609911, 60.13865568767855, 61.30151738892533, 64.04209661908257, 64.96237312764578, 63.47421665869012, 64.65276692961194, 64.95222233230312, 64.05921964579377, 63.630327480989536, 62.19377358626735, 69.01430136929295, 61.14188142410993, 68.16556002405618, 69.04036634325728, 68.29840160354821, 66.3515527464772, 68.82255425330811, 67.16754304642473, 68.62208306776753, 68.55001896012949, 62.24043174223746, 63.02077676167822, 64.8703726831023, 66.10705574270152, 65.40343095270786, 69.82843595964697, 66.21336278567684, 65.26999739589272, 67.78830551006854, 64.77568860229091, 70.63230631644578, 64.96309433318477, 63.65090376477928, 64.02045651902749, 65.4732716456646, 66.56385929642005, 66.35665441103653, 67.13813829550226, 68.50764014225477, 69.46759435744073, 65.03016675354586]
lab b Y:
[41.484845983770455, 31.729618406654062, 37.328158732751206, 43.3568486655762, 44.099339433430764, 45.111185888823925, 36.728199230487085, 39.40384193829507, 30.094432964168856, 33.66480389996817, 38.90856348448387, 33.60455569209897, 33.9029910476988, 31.024129913145487, 35.84098064677453, 33.35752770350952, 27.63609435762588, 31.63297599995629, 26.35519120555676, 27.26877943906661, 29.65673268010864, 42.53366359861045, 40.20873013699927, 35.20382527335431, 29.260728059883288, 35.253136235863465, 28.008789878957487, 40.41429738746974, 31.750153054189706, 29.557816074682172, 31.402289623374898, 33.22374136786075, 29.06904297022299, 26.90894314101003, 31.90453377731385, 30.19443959128739, 28.25781631075409, 31.947807261966172, 28.210835150732002, 32.0421564708818, 25.877723845596083, 35.10894045826825, 37.62292427182555, 30.910713124073247, 35.62739614046647, 35.559740658948485, 36.563275459978755, 36.234428262942046, 30.625566206528074, 34.46385619183192, 36.041702243915225, 32.24770913197276, 40.94794359396168, 38.61325970185941, 32.32421442113003, 30.60445794810114, 36.88123206154524, 38.31280790649965, 38.93197265316027, 36.47036395784935, 30.51415964255436, 35.43398367822673, 30.9125669039019, 34.3628469028166, 35.22264079537436, 29.64230168433787, 37.58733011239217, 35.44082765078061, 39.4144395242129, 35.00554417893005]
HSV Y:
[0.3593012364181341, 0.2943234309630721, 0.34674439350472, 0.3924286460346851, 0.4182988339756795, 0.41221891427941615, 0.33651660236599973, 0.3463175280422835, 0.2633656092728258, 0.3050112855274979, 0.3714016325968154, 0.3110385261093605, 0.319347334231961, 0.2883466188105856, 0.3370853347494106, 0.30149663021072404, 0.24458805096451766, 0.2876669816320205, 0.23133859141255478, 0.24921620746141732, 0.27030855986191593, 0.39252516288250144, 0.36344129763925836, 0.3147424594452997, 0.2633324939356559, 0.31987091398654666, 0.2405089198515247, 0.3681553146735884, 0.29000805264480656, 0.26890373494995895, 0.2973904262899082, 0.31072370973826097, 0.2559488720625877, 0.2411670952029771, 0.29278432047053427, 0.2603388725220221, 0.25654925343708923, 0.28815511373955416, 0.26665430799772244, 0.2961198842212895, 0.23188903122424473, 0.327372081945047, 0.3356690907555558, 0.2815954589032643, 0.3321293605814805, 0.33989499698623776, 0.3381122129288192, 0.3321889127388005, 0.2735054655485086, 0.2976236436917903, 0.34058243615236256, 0.30539029189133743, 0.379165620738244, 0.3413820773371528, 0.284448866227252, 0.2722037701071383, 0.3534334336810169, 0.3551443876140278, 0.33686782256207676, 0.3159315701131331, 0.2719129289452046, 0.31258352122423533, 0.2901250004323479, 0.3104594827439062, 0.30873776928096786, 0.2698422230679832, 0.3347042596840018, 0.3280218020654559, 0.35400936528991184, 0.3261212904650403]
RGB Y binary:
[0.35174212416244033, 0.2664183523968095, 0.2984170858100049, 0.3563098273936494, 0.37823637598169013, 0.368709822875543, 0.29443767451292363, 0.31816821320737004, 0.24395642237735965, 0.32494083606293195, 0.32125293712668634, 0.2729816239392162, 0.26900298794003547, 0.25834254397178463, 0.30667566893293485, 0.27375700470619524, 0.11629318394024275, 0.23607461569956506, 0.06440948472412222, 0.17505571810336631, 0.20875767498187317, 0.3704296117042076, 0.3387039784511153, 0.2919938025935529, 0.22448249122364708, 0.29064965973511103, 0.1846759983648384, 0.3335841137187797, 0.2477676199362759, 0.2588515182584459, 0.25528097675192135, 0.26060523524316415, 0.18019974344878137, 0.22959906974153296, 0.26771432029601966, 0.22337103154074509, 0.21649794801641586, 0.2598272871232262, 0.2144421498946337, 0.2390394560904714, 0.15700212948366932, 0.27699630861182223, 0.323701339048411, 0.23256996296970803, 0.3002855844866493, 0.3146839702735542, 0.292803175068072, 0.2842164166453576, 0.2430941503989519, 0.2973013607246336, 0.31144079996801655, 0.2716928078031447, 0.35738388767014306, 0.32567537949100456, 0.23548536135820985, 0.21493154111339488, 0.3113008110907532, 0.31267184721964325, 0.31538298167288215, 0.2895551355229614, 0.2372639441120731, 0.29602402637784936, 0.2588906182012919, 0.26995610391049074, 0.3037164146094065, 0.2035343254246806, 0.32285604795664197, 0.2894258619339976, 0.32667935977563795, 0.282491508566335]
CIE Y binary:
[71.05834198906857, 60.819031890393155, 64.42025494418358, 68.85039175316163, 68.80168947069677, 71.97767838428295, 65.34081883340912, 67.3215246833308, 61.65305755640941, 64.5549068327575, 67.47028444581059, 61.17565696267732, 64.91833336266545, 61.23406889718555, 65.53818345991374, 63.074643041069436, 32.23850775572831, 56.67970897478249, 22.01796693737217, 47.39688214061754, 53.86438151519419, 70.84241127217886, 66.37603849897131, 66.36817703340675, 56.22715336127494, 63.40719996484056, 50.154493020855185, 65.12257105314256, 61.297508029788794, 59.89403868297224, 61.612287114019985, 60.47357346333475, 49.98721161018369, 56.51357854831637, 64.69990702721634, 57.39424987705253, 55.2863634647169, 62.20149448943236, 55.67283025554832, 58.64641951075544, 43.60500795089326, 64.5631463123616, 68.75674566937273, 60.07982665034955, 64.49737693312578, 67.00942703905534, 64.53946241781195, 65.21432194306098, 61.06123999709299, 63.30030947549265, 63.21118428578605, 60.21683510613882, 65.2265394219849, 65.22108691634001, 59.22563077471866, 55.860805513377315, 65.00652063211177, 66.09959748947102, 64.29036217792681, 64.77409369900454, 59.052626993997976, 62.69435510442698, 61.58097243717698, 61.96536200804338, 67.26812131245326, 52.92789746829393, 65.79422186322589, 66.39721566752081, 69.44608374349396, 64.00053781466268]
lab b Y binary:
[44.01199872386248, 33.71799394319276, 36.82188170904199, 43.54288367898417, 45.67389846275178, 44.88677783105552, 36.58432945471762, 39.62833770162667, 31.740710120451425, 40.25323014607432, 39.152696810659585, 33.78584546847859, 33.51034319835935, 32.41707242654008, 38.036302040364276, 34.45041761654526, 15.147484150346367, 29.79073523865418, 8.873377544751389, 22.58645400254903, 26.322810826508547, 45.406327361876706, 41.74741808960111, 36.83783988982303, 28.352063016262697, 35.85085722109593, 23.853721368791422, 40.645472828227355, 31.45589646758852, 32.6940144048093, 31.865375176661875, 32.66880458705385, 23.259023649833058, 29.488064765026554, 34.117453641071826, 28.522546110815867, 27.74529599254718, 33.31478435398132, 27.181119039127765, 30.080352188162184, 20.45386565516095, 34.359218569398905, 40.55574733793662, 29.534680225394574, 36.99549971426678, 38.77939767719257, 36.38105021507355, 35.42685341606938, 30.941520775935558, 37.346469249207466, 38.10790334534777, 33.882033842783976, 43.39717044571152, 40.207379913154774, 30.11470461212201, 27.721944276515888, 38.04715500611072, 38.517057007423716, 39.089871954895884, 36.43389401843039, 30.168095619814114, 37.12277314336443, 32.770450393773224, 33.70795996760063, 38.50611687047085, 25.873318894145815, 40.15456682144796, 36.10993606754404, 40.48357733256292, 34.93079762115942]
HSV Y binary:
[0.3690332329556869, 0.2920549436879079, 0.3464206309914937, 0.3924286460346851, 0.41847563502620155, 0.41086840031520894, 0.3300132514302014, 0.34525647871812515, 0.25693217201043506, 0.3486186602515052, 0.3708481344800866, 0.3106466514219628, 0.3154730824708006, 0.2989062768879445, 0.3392519569328933, 0.30170187334806453, 0.14678559948569592, 0.2725805106733664, 0.08643457382953182, 0.21030350284443675, 0.2446896876512997, 0.40029024267935026, 0.36103937314519996, 0.31688686066815897, 0.267186894477237, 0.3263126824785678, 0.21135062720740472, 0.3681553146735884, 0.2855969623664145, 0.2802563218830978, 0.2975509074801195, 0.30579740318832915, 0.1946061958148598, 0.24180286785978208, 0.29189468811134506, 0.24231951726689369, 0.24064679289927984, 0.28364738326240546, 0.25599825533812626, 0.2888593018149456, 0.18209903330347993, 0.32180506550152177, 0.3446022844248997, 0.2559588310072671, 0.33323555117725, 0.36096280238714196, 0.3294802986270611, 0.3215461219350256, 0.26567175234742474, 0.3140762234598524, 0.34480989570731485, 0.3064022158907418, 0.3844867906220223, 0.3513015480308047, 0.2612693060238957, 0.22890747493966143, 0.352369877428712, 0.34901590066355664, 0.33858980000977945, 0.3106575364271542, 0.26308035247126743, 0.31934172118147436, 0.2892043142848548, 0.3045145725706194, 0.32112093863590513, 0.2380316630355846, 0.341394838629286, 0.3243566401337213, 0.3590517422202085, 0.3240895006268725]
area/perimeter:
[72.04985349840017, 72.67309561411594, 69.57964299523731, 71.86226575949561, 67.57150372330753, 80.95636582255537, 71.7153044345436, 78.53622615930433, 70.60305056720438, 68.95945956338994, 71.64290770165134, 70.61702308811249, 70.05128819375041, 68.2810718836029, 67.00424590385626, 71.73304837678958, 72.93586574571913, 67.70865383769026, 72.83723932057927, 68.6552028353101, 53.56288582806973, 68.87691370658834, 64.7192243515256, 73.19032028605231, 69.97869378821305, 69.7022878111358, 69.60625923025756, 66.76202420501004, 72.10009884496748, 74.83082290825071, 70.56697677916905, 70.44974727708032, 64.40120825769294, 60.81272736004675, 67.428517320864, 62.25491498350588, 71.97345161765877, 76.21509542833392, 68.47323983339011, 75.84819166317438, 70.66842382114966, 75.59659077143932, 80.11344116396185, 72.00661446338997, 75.11632289267243, 74.48413630710623, 73.92754565963945, 73.53531627214662, 71.56523985064217, 71.74315100834541, 63.02676833234077, 74.95721445841517, 75.0991977355175, 73.84808932975027, 73.70039741209438, 69.3296358709034, 70.92055524999795, 76.78087492061398, 72.95873898704164, 78.05423796150892, 72.69187115311617, 74.16955292115452, 73.1626063738765, 67.5517750644163, 67.54803009965886, 69.16459523729606, 71.46852527899362, 71.08799144343594, 77.56656341399749, 69.49112105987935]
Convexities:
[0.9301871519518021, 0.9205426514467551, 0.9304596397062931, 0.9198858714743208, 0.9094569048323494, 0.9219247268201572, 0.9576769771664928, 0.8905489428462899, 0.9637244739398554, 0.9767114092025402, 0.9330751406929108, 0.9785623322370873, 0.9115309172523948, 0.9199499225075871, 0.9147616224034104, 0.906148421908746, 0.9174127906443286, 0.9234977977136558, 0.9101161363228955, 0.9225171231171805, 0.9421526240363515, 0.9553650928233499, 0.9637250338284447, 0.9375393401519936, 0.9163737027610331, 0.9157803244690005, 0.923666193283026, 0.9269064417307956, 0.91511070363429, 0.9246208153432045, 0.9683515391472945, 0.9280075781437167, 0.9180211223773311, 0.943258670468502, 0.9162828335300126, 0.9067650561123259, 0.9351898013037446, 0.9254214709981755, 0.9287455386496537, 0.9067579978910117, 0.9269259560986497, 0.9463609794617579, 0.9814022700594593, 0.8986383321616677, 0.9113434201653096, 0.9181076483950895, 0.9173790751308563, 0.9665222776827213, 0.9612671299342298, 0.8637973058969203, 0.9035107869460353, 0.9054739736640186, 0.9139804757828507, 0.91611924716683, 0.9093232125164663, 0.896432904502184, 0.9544851561926632, 0.9696065146354719, 0.8964799873142331, 0.8884289444821278, 0.9108857440044724, 0.9058869642109509, 0.9007621871565998, 0.9704896987306407, 0.916463614182102, 0.9270980994609688, 0.9124102237429178, 0.9084040344681442, 0.9251196761908926, 0.9173125341052699]
Mean curvatures:
[0.31639101994200564, 0.3345110542026112, 0.34737921646987985, 0.3934255700721778, 0.3862419811045429, 0.3329508459455923, 0.26835890161112813, 0.3631148977044433, 0.29143986876379796, 0.26607034789649403, 0.3226191745516729, 0.2606065807244629, 0.3653061792752668, 0.30962145265166796, 0.37002093624559274, 0.4038597865038153, 0.38795398830094985, 0.2950904991472133, 0.3654816147781454, 0.3748343186980065, 0.32851321120465965, 0.27327480052292097, 0.2886365374096716, 0.32911966529619896, 0.34402899288598116, 0.35234190171417895, 0.34704396413602906, 0.35545434994694053, 0.38394065956778084, 0.32120334473799667, 0.27413154906349135, 0.3598267865557071, 0.3446580905821545, 0.3054303188560082, 0.3402684680863842, 0.3376679014319377, 0.3197852401879036, 0.3316814020462449, 0.3440804599290605, 0.3554042373021819, 0.3056893836033897, 0.3203384851111167, 0.26873354057784643, 0.37105543394057916, 0.3857942767717298, 0.3027076588402492, 0.3330288041099011, 0.26600872761423106, 0.30036911175232867, 0.34529826849376066, 0.3617353286640003, 0.3822957280097808, 0.32839491249528463, 0.3251845604283958, 0.3699053381548966, 0.28083214559420333, 0.2724675064488003, 0.25528354291135885, 0.38506833901405374, 0.4036905704836967, 0.314589277361985, 0.342252654677727, 0.393823389386233, 0.25966313250370404, 0.2761745507180047, 0.2942798437306686, 0.3661019834699732, 0.3406309387503393, 0.34812948634147006, 0.3565430622592186]
Max curvatures:
[1.0, 1.0, 1.0, 1.0, 1.0, 1.0, 1.0, 1.0, 1.0, 1.0, 1.0, 1.0, 1.0, 1.0, 1.0, 1.0, 1.0, 1.0, 1.0, 1.0, 1.0, 1.0, 1.0, 1.0, 1.0, 1.0, 1.0, 1.0, 1.0, 1.0, 1.0, 1.0, 1.0, 1.0, 1.0, 1.0, 1.0, 1.0, 1.0, 1.0, 1.0, 1.0, 1.0, 1.0, 1.0, 1.0, 1.0, 1.0, 1.0, 1.0, 1.0, 1.0, 1.0, 1.0, 1.0, 1.0, 1.0, 1.0, 1.0, 1.0, 1.0, 1.0, 1.0, 1.0, 1.0, 1.0, 1.0, 1.0, 1.0, 1.0]
Skewness curvatures:
[0.4709021769709424, 0.4199791086689645, 0.19612672969517858, 0.0649888768564475, 0.10578613532451699, 0.25434363855619707, 0.5667206997097672, 0.278453828590048, 0.40395273584662844, 0.5386503891155879, 0.3431748997346092, 0.5902181197184566, 0.1482781517723598, 0.5270113819913383, 0.140481256336957, 0.02084982038701557, 0.08973755419544874, 0.6337234088200394, 0.26800386349369854, 0.06391418691809811, 0.2984550162604965, 0.5673218360130086, 0.41892344591066694, 0.2727795020513188, 0.3482760416723121, 0.24030319668060104, 0.16055255723613776, 0.24949843150711515, 0.022393353998844828, 0.47592348211041496, 0.5309883056341486, 0.12021026716564784, 0.3604510501399277, 0.3606943332900015, 0.2339373179833907, 0.41429269766052135, 0.31497142989136134, 0.41347826487701256, 0.2188874534946149, 0.300257819902886, 0.41340999524041994, 0.29459807894491336, 0.5224763597652371, 0.23316402259383495, 0.13070840702781183, 0.5869136927993563, 0.41640800967547936, 0.5563350669257645, 0.3661300432119326, 0.356732559207295, 0.19729566344408084, 0.12903618662028926, 0.44909658179000383, 0.31980640326707577, 0.14507401725103994, 0.6986078611132892, 0.5127162458906548, 0.6303544809975317, 0.09986038542438401, 0.10974114582347484, 0.5235137375986827, 0.3553033922023983, 0.0625608565777878, 0.5870194733555031, 0.7216236689679093, 0.6082445313093083, 0.14874076981006787, 0.2978472441647402, 0.21474455993050268, 0.28838313305461893]
Kurtosis curvatures:
[-1.568825847539729, -1.6019185992131884, -1.7996825290937901, -1.760009476990172, -1.755739405823943, -1.7917900036358734, -1.595427370939836, -1.6909412727013413, -1.7796009711440586, -1.674417100874465, -1.7169405329521739, -1.5953799685229235, -1.7809254240300862, -1.5093460195570916, -1.7728956118946713, -1.7551487213904136, -1.7600971402807923, -1.3837651404798712, -1.695623385064974, -1.8155539818125859, -1.7532205213941792, -1.5644026879420807, -1.7691212687122386, -1.7848236026655078, -1.6570396769922293, -1.7379893305808873, -1.8417880166757172, -1.722472092545067, -1.8110924584016936, -1.556513979775283, -1.6351958366139727, -1.8269093135622048, -1.6460590811524054, -1.772013409892163, -1.785541905840332, -1.6052637745373153, -1.7692465878281292, -1.6107227772717607, -1.7875330530286833, -1.682779109534645, -1.6835631696286901, -1.796737721330247, -1.6912333641076716, -1.7110791497364868, -1.7448666606584349, -1.4404072240736234, -1.6064423703380089, -1.634536816912855, -1.792687424342636, -1.6485689423413727, -1.750897192490119, -1.7514391303235184, -1.5784042724634562, -1.73840152125352, -1.7697937705532116, -1.300127337335668, -1.6857160023474431, -1.5388083751350865, -1.7611196627655452, -1.736774832449827, -1.508844897382549, -1.6530303003904478, -1.7602115605666717, -1.6098550955801008, -1.268252745399117, -1.419853516059716, -1.7780571947990897, -1.71247022699529, -1.7765986866713133, -1.690192951306004]
RMS curvatures:
[0.4963331092357136, 0.515600519715235, 0.5083176826787669, 0.5513467407281287, 0.5468867810634117, 0.4960158727618966, 0.44093574383974643, 0.5372153093502535, 0.4574659948007772, 0.43579422149391855, 0.4912789180291878, 0.43262894681104114, 0.5255445607723389, 0.4933816868043485, 0.5305228981434689, 0.559354327400342, 0.547272048304618, 0.48519906297288756, 0.5390984207128644, 0.5290117955712139, 0.49452098298810204, 0.44746364505569886, 0.45514843352540224, 0.4929612080967143, 0.5199023022512885, 0.5187216642366632, 0.5048086591876545, 0.5236696499980459, 0.535886243753125, 0.5037219510255722, 0.4455853332549622, 0.5163977794943222, 0.5222651796153349, 0.4713126559317767, 0.5031132530858611, 0.5193573704148232, 0.4851779130574573, 0.5108111618197837, 0.506388286054047, 0.5294865509422642, 0.4761896312811457, 0.4841118271312785, 0.4379869091665131, 0.5422019876594371, 0.5491121818026884, 0.49069002336416645, 0.5130561852749238, 0.4370574841781371, 0.46551418713645315, 0.5226842711066096, 0.5260729678739208, 0.5445111469439912, 0.5106175683317657, 0.49233061184663973, 0.5308433914650389, 0.4715517197082152, 0.44201093366615607, 0.42870451495879036, 0.5447968914816205, 0.5697263935560104, 0.50016199579236, 0.5183289015058294, 0.5515745894140669, 0.4311524551648755, 0.4671948195205927, 0.4808147207593843, 0.5265583675857349, 0.5097707531192682, 0.5109508003937372, 0.5295709322681994]
Norm curvatures:
[0.3988770427511525, 0.420708135589498, 0.425977879330718, 0.48648444918407757, 0.4762096707286838, 0.4001084088677983, 0.3260761562347812, 0.4554138647844065, 0.35151055739286285, 0.3220327765393424, 0.3926221620081045, 0.3096836975641471, 0.4464921887446813, 0.39185704553597, 0.45378750202536033, 0.502415013433565, 0.47799081319806996, 0.3739528205382542, 0.461400389903507, 0.4602115992594158, 0.39517271464851844, 0.328403945045065, 0.34648871634594214, 0.3990437141171028, 0.4277117455225563, 0.432702346836446, 0.42279709155977896, 0.44112935760582456, 0.46970145095393556, 0.4034634019680073, 0.3327931977227631, 0.4360420310643922, 0.4301308385551938, 0.365566317227639, 0.412428095894873, 0.42885880334029836, 0.38718860453033416, 0.4171900847267793, 0.41269707621102597, 0.443478484761009, 0.3694830101621813, 0.3895476950533356, 0.32400443201363516, 0.46321139714696585, 0.4710625451308623, 0.3832518909592778, 0.4188051678046036, 0.321483922641907, 0.3637607189095048, 0.43270517921823165, 0.44042768841496727, 0.46887306772059395, 0.41229887515515, 0.39021318668125154, 0.4524221909995668, 0.35836282535761593, 0.32655996568206236, 0.3095560438052969, 0.46953521518830793, 0.5063558321478133, 0.40035738074096633, 0.42188736895743956, 0.4865261072148116, 0.30893101769222103, 0.3501598210729391, 0.37037911597149564, 0.4427820303689738, 0.41498922929010346, 0.42684152231375966, 0.441777748106731]
Radius of curvatures:
[1.3371989804243287, 1.3181825973716048, 1.3761034156087533, 1.344064491326039, 1.3421266716838551, 1.3813303129925014, 1.39651900242706, 1.318102407243404, 1.4031256276250583, 1.4074920441195764, 1.3714560333539367, 1.4029952783921573, 1.3627293907786993, 1.3283231246903797, 1.3576469525335977, 1.3417001049803243, 1.3447986521951865, 1.3144954825425355, 1.3176229891730744, 1.3730902015043995, 1.375456737823566, 1.387966366341533, 1.403486916335545, 1.3819457331898175, 1.3289342995315756, 1.354261599398042, 1.3862681196342805, 1.3453985296465745, 1.3716151445918299, 1.3238829146245867, 1.396746725405555, 1.3790270153458726, 1.322166104067963, 1.3936173078904552, 1.3760236594592636, 1.3132533284724743, 1.3843423920096507, 1.327757772095845, 1.3745478994142901, 1.3252089952516037, 1.3782868758407347, 1.3890901892276042, 1.4074355222615353, 1.3211001593873177, 1.3337626342481372, 1.3173576547535157, 1.3233497703245343, 1.4031043863707517, 1.3996542104443395, 1.3224033397852442, 1.3526841358031254, 1.3407328384304307, 1.3191071250910553, 1.3744060252099668, 1.3563534433470885, 1.3216916326334003, 1.4041673379125537, 1.4012186270829592, 1.3462083506401992, 1.3068611716515477, 1.317607843353172, 1.3297524330491552, 1.3442275411961644, 1.405343892943265, 1.3234270281543346, 1.329048157025356, 1.361323389758251, 1.3551272159757566, 1.369480821415552, 1.3278931948020904]
Pigmentations:
[18.71187221035669, 54.234806561282475, 29.57376086289063, 0.5628929599648838, 6.968775372590034, 10.014199608766024, 21.652954375467463, 19.520736864980524, 97.4643401751616, 70.97055236103851, 10.290280701312124, 15.12432709561651, 28.487887470695494, 60.230294649505375, 19.27861411169846, 30.573288507787808, 99.56497533565519, 61.726965884682976, 99.78253173519445, 84.3690355899854, 58.13053325097797, 15.168442192341965, 24.029446068556023, 47.60163717587162, 66.04664699890196, 43.557326618294155, 98.15009375872754, 0.8200291365663909, 72.79441040855906, 42.157873263329684, 4.18612719848408, 43.53289578997919, 96.71365828188826, 86.6746585065775, 57.83341596430342, 64.63467151538352, 81.10252791601674, 64.46129078763997, 62.109815975953104, 77.65905669560493, 90.96585117227319, 30.976140326646178, 37.64393085111886, 88.84228187919463, 26.09715673000607, 54.973395783438136, 21.323301086826707, 26.951317404854095, 86.69773975226663, 29.323545405111474, 18.232154055583596, 47.75259044453089, 18.793447309869386, 21.686664314002275, 86.31180021195226, 89.14182475158086, 12.495463453582056, 17.790994241928118, 6.269549966550346, 69.4286672508736, 61.958089012784775, 29.814905017048222, 52.850666950727316, 25.9128710690092, 43.81487731737225, 83.78393321169901, 30.629348891705124, 27.23433342284501, 13.669899052373484, 8.598195604952092]
