Filenames:
['B3CD2P1-02.png', 'B3CD2P1-03.png', 'B3CD2P1-05.png', 'B3CD2P1-08.png', 'B3CD2P1-09.png', 'B3CD2P1-10.png', 'B3CD2P1-11.png', 'B3CD2P1-12.png', 'B3CD2P1-13.png', 'B3CD2P1-14.png', 'B3CD2P1-15.png', 'B3CD2P1-16.png', 'B3CD2P1-17.png', 'B3CD2P1-18.png', 'B3CD2P1-20.png', 'B3CD2P1-22.png', 'B3CD2P1-24.png', 'B3CD2P2-01.png', 'B3CD2P2-02.png', 'B3CD2P2-04.png', 'B3CD2P2-05.png', 'B3CD2P2-06.png', 'B3CD2P2-08.png', 'B3CD2P2-09.png', 'B3CD2P2-10.png', 'B3CD2P2-11.png', 'B3CD2P2-12.png', 'B3CD2P2-14.png', 'B3CD2P2-15.png', 'B3CD2P2-18.png', 'B3CD2P2-19.png', 'B3CD2P2-20.png', 'B3CD2P2-21.png', 'B3CD2P2-22.png', 'B3CD2P2-23.png', 'B3CD2P2-24.png', 'B3CD2P3-01.png', 'B3CD2P3-02.png', 'B3CD2P3-04.png', 'B3CD2P3-05.png', 'B3CD2P3-06.png', 'B3CD2P3-09.png', 'B3CD2P3-10.png', 'B3CD2P3-11.png', 'B3CD2P3-15.png', 'B3CD2P3-16.png', 'B3CD2P3-17.png', 'B3CD2P3-22.png', 'B3CD2P3-23.png', 'B3CD2P4-01.png', 'B3CD2P4-02.png', 'B3CD2P4-03.png', 'B3CD2P4-06.png', 'B3CD2P4-07.png', 'B3CD2P4-12.png', 'B3CD2P4-13.png', 'B3CD2P4-14.png', 'B3CD2P4-17.png', 'B3CD2P4-18.png', 'B3CD2P4-20.png', 'B3CD2P4-24.png', 'B3CD2P5-01.png', 'B3CD2P5-02.png', 'B3CD2P5-03.png', 'B3CD2P5-04.png', 'B3CD2P5-05.png', 'B3CD2P5-06.png', 'B3CD2P5-09.png', 'B3CD2P5-10.png', 'B3CD2P5-19.png']
Areas:
[166709, 119978, 159021, 138535, 120469, 151617, 138469, 148979, 124547, 141475, 114545, 204099, 170214, 190530, 139272, 143296, 125055, 151231, 143854, 133467, 126553, 140311, 143488, 121696, 131062, 177920, 129136, 141790, 175379, 112897, 109260, 122537, 126624, 112508, 139981, 148089, 153560, 143409, 144006, 144926, 121391, 155821, 163266, 142109, 215620, 141723, 173300, 143181, 155975, 111785, 158653, 136243, 160748, 135670, 167539, 203442, 221805, 191966, 132596, 181982, 143717, 157478, 131214, 131915, 122257, 148410, 154374, 126687, 199454, 165403]
Perimeters:
[2146.243866176395, 1930.052957317385, 2047.6925676241744, 2125.4499269370554, 2118.5798692519666, 2057.976838871636, 1912.5971131946692, 2167.6824663564075, 1891.6925676241744, 2021.893577750951, 1568.57272657703, 2299.5260453828037, 2129.9696961966997, 2298.177848998413, 1952.7220048756972, 2064.035713374682, 2001.207286249936, 2073.391052434009, 2113.9595949289333, 2027.8519471906086, 1698.4377336282353, 1895.415439051649, 2111.8103166302653, 1968.6631303726515, 2011.9352083112938, 2119.1240251292506, 1937.3250352560271, 2115.775828744859, 2183.817459305202, 1464.9474016201134, 1564.8225099390854, 1931.3494218736669, 1789.1484117468901, 1914.6803743153546, 2009.4671708797582, 1970.6803743153546, 2078.579869251966, 2100.7636354360397, 2091.023520065862, 2019.7341981845168, 1972.9818895055196, 2227.994082814339, 2208.018469431979, 1992.5037508062173, 2406.2438661763954, 2460.7119036079307, 2182.101730552664, 2122.4621202458748, 2040.8885271170677, 1844.0529573173853, 2116.822509939085, 1990.2539674441618, 2301.006276123159, 2165.349421873667, 2307.214428924872, 2277.4915574973975, 2382.7047609329943, 2307.9768388716357, 1896.0773439350246, 2054.7636354360397, 2099.9940828143394, 2294.9474016201134, 2014.5209947489207, 2041.4082963767123, 2014.655987697715, 2227.1900423072325, 2199.3077913133243, 2038.0773439350246, 2203.290547370621, 2303.7930726875625]
Minor axes:
[245.65182085968513, 220.1430090030474, 249.94207233753693, 200.23297612394254, 180.53255147987016, 237.1171800691354, 234.9575421212609, 246.46262589864838, 226.89427150832464, 234.97234853095526, 234.19732854518134, 258.65575923146963, 241.66915289101271, 268.4606399415879, 229.8260047495262, 225.20293483048516, 223.7293573717629, 236.8102806807223, 219.8086763490501, 200.52091456922773, 241.09200209459215, 254.24676714122776, 224.88868662518593, 213.4824901325825, 217.9646957676984, 249.62059934166012, 214.65780057523892, 208.59267813591154, 240.5557924148122, 307.6839031830098, 243.6902569206688, 236.65003043027073, 225.89196362589288, 209.6738633261705, 210.49768686891267, 231.20751571994847, 224.23062538418412, 238.77946180544433, 216.43391407166376, 234.69362268825063, 217.60022889900938, 222.20486235652163, 238.49710902065306, 225.7186091444963, 271.4816884043743, 216.74887109006568, 265.7440801641707, 215.08430562954862, 239.71292757601827, 196.1425783292804, 240.28953246524924, 236.69182642169952, 217.68135972454826, 209.88967871724262, 256.18830851368864, 264.8362629182259, 274.1402956361235, 249.85122883772067, 256.4735491837009, 276.1660315690855, 233.627103134664, 204.57573113555569, 235.80950521431512, 237.2544323740614, 189.6323278464524, 207.70583863176952, 216.68123330868858, 229.29272926055256, 276.1484695559047, 225.08053991765846]
Major axes:
[898.125004001208, 773.3015506725005, 843.5968554957108, 907.4113300475304, 899.3777957029922, 877.014025435273, 794.0519730592251, 890.0509439259079, 739.3094957126335, 809.3130351959691, 641.6240967835798, 1020.6067111877712, 916.2328280732439, 932.1070542235449, 840.8901397411655, 855.3149713859552, 790.4682348795723, 857.4839634306975, 880.6617665897043, 900.0592369392778, 686.8599950004233, 719.7399852487197, 836.0385815379493, 801.4661465398023, 813.5630161268439, 921.6707186329157, 816.5230804266693, 903.2890817133331, 958.6108544220117, 492.16134818371796, 605.2711479054093, 745.4838386933316, 740.3428638812837, 763.3121310083682, 873.2537958863408, 850.3614713765493, 887.5918665694953, 836.2835207466414, 893.3780132897541, 840.1852704291911, 779.3233307224657, 931.789510582213, 919.3218515636057, 824.8575970840992, 1049.5577391032164, 959.7767567533556, 860.2753368960691, 907.6033951593253, 838.9507487239799, 786.5376802322592, 877.9529726841776, 790.1878753109032, 981.6193760150284, 901.5497480623351, 911.5442862648588, 991.1178507747682, 1039.6812783510884, 1007.7366261945695, 708.0849397127886, 849.4423916187876, 846.68858876435, 1023.6238465910267, 782.3548245196503, 786.9951432583388, 878.8519348067986, 968.1170639238242, 971.798014706508, 794.6680608861858, 937.6634715956874, 986.120264794052]
Convex hull areas:
[181034, 134330, 167695, 149399, 129712, 163224, 145492, 174506, 135903, 151697, 117626, 209826, 179068, 201506, 152964, 153110, 136964, 160328, 160404, 141791, 136113, 150499, 154202, 136833, 142501, 181678, 138646, 151345, 186320, 124967, 115123, 134771, 138006, 123754, 148423, 153172, 157219, 158624, 151908, 153912, 133853, 161981, 174985, 151421, 226444, 172378, 183623, 153411, 163516, 126580, 166713, 146363, 171020, 150680, 186748, 210166, 225838, 202709, 147747, 187120, 156010, 169020, 145205, 143450, 135492, 162401, 168951, 140871, 204470, 181555]
Elongations:
[0.5717368710835414, 0.55728800783109, 0.5438288132703284, 0.639726280135822, 0.6671538090856708, 0.5755794411130392, 0.54412009896602, 0.5671273869852256, 0.5312185440626677, 0.5506382008252141, 0.4662220276520905, 0.5967685145820952, 0.5837457419838552, 0.553367088908103, 0.5718342696086157, 0.5839147500005694, 0.5592207235976026, 0.5680578024541856, 0.6019244356237798, 0.6369328705678289, 0.4817400100192738, 0.4787708920156635, 0.5766903945879123, 0.580303747269289, 0.5782038691201219, 0.5749733848252463, 0.5848580537669762, 0.6260619604839914, 0.6001013488085029, 0.2318010917045212, 0.4268234480783793, 0.5183356045299887, 0.5339021586013605, 0.5696555260091409, 0.613044194981364, 0.5737102222064187, 0.5976046230477196, 0.556433569483497, 0.6108579299474475, 0.5643997333227784, 0.5638642419804016, 0.616117510127176, 0.5890014455960862, 0.5715165697312462, 0.5900272967555402, 0.6326046914512166, 0.5288970114536339, 0.6180014038351729, 0.5566756400088826, 0.6022802701876929, 0.5710532556958509, 0.5396943406935777, 0.6380602354902141, 0.6231751159824118, 0.5618399298518556, 0.5794237071087956, 0.5838006569215933, 0.6038315980180927, 0.4686566655369123, 0.510256266880891, 0.5678996982066737, 0.6681884481510131, 0.537237714097615, 0.5373934845174759, 0.6462689048648622, 0.6478413540513336, 0.636375842961093, 0.5525690573236294, 0.5459223656370462, 0.6292077600865611]
Roundnesses:
[0.44096989895950667, 0.3825581361738239, 0.45903358408945527, 0.3720814232177784, 0.3186829887833571, 0.42702899233689234, 0.46545996162065184, 0.3881312806656025, 0.42217183723433394, 0.4079849099143366, 0.5735816658835278, 0.47398827475547817, 0.43651959097996224, 0.4449798399244025, 0.4338487062066613, 0.4077283126338252, 0.3795423791514676, 0.4181928866288855, 0.3888717531151973, 0.3870960361256651, 0.5310949884409724, 0.47917839143306534, 0.39751844183808566, 0.37819392527679807, 0.39823710505059445, 0.4645659382449801, 0.4090620740422616, 0.37988263834194497, 0.4424602440097847, 0.6512475060539311, 0.5459790928126859, 0.39329877955949444, 0.4726492788596839, 0.37460263973835506, 0.4036548406697572, 0.4540803037459603, 0.43074533453298297, 0.3895286704340246, 0.39182040375711025, 0.4279655920584309, 0.38265607041399813, 0.37282233374596185, 0.3962657158663274, 0.4343407880324234, 0.4427077414618428, 0.2777578016444277, 0.4380695330063637, 0.38021319307457624, 0.4534626721016005, 0.3967699685937961, 0.43303000013562526, 0.4047742832897798, 0.3587995494776318, 0.3515645634647844, 0.3776726686225604, 0.462454382901547, 0.45669684469870503, 0.4426471372450178, 0.44457111868085014, 0.5315857721543875, 0.3889683561571206, 0.35765714468998155, 0.39629813115163326, 0.37976581034831264, 0.37216267912715023, 0.359941880861701, 0.3822885385815523, 0.3547580629894127, 0.4956691768385036, 0.3763826935533574]
Eccentricities:
[0.962162119481983, 0.9587401282810125, 0.9553487955589641, 0.9755639297591584, 0.9798674058633804, 0.9630355671781393, 0.9554243463261989, 0.9610943084363107, 0.951983517659662, 0.9570897949974561, 0.9313794475794792, 0.9675891416261198, 0.9648424399282474, 0.9577729322732484, 0.9621844454598801, 0.9648791358049679, 0.9592107247226226, 0.9613116213549587, 0.9686323216826136, 0.975092816858434, 0.9368376725120694, 0.9358213985822251, 0.9632852996476298, 0.9640889678993704, 0.9636235132998286, 0.9628988044895462, 0.9650834362562787, 0.9731987980684033, 0.968266275671258, 0.7817126672192437, 0.9157646874504378, 0.9483480165870668, 0.9527153782205233, 0.9616826916088156, 0.97079967280535, 0.9626125597680747, 0.9677599859141106, 0.9585307901911966, 0.9703822956055667, 0.9604519936329806, 0.960324974138058, 0.9713792805390635, 0.9659705447113588, 0.96211158538814, 0.9661876180655633, 0.9743503818434306, 0.9513434237840839, 0.9717304957770396, 0.9585901782963887, 0.9687034109210984, 0.9620051446122325, 0.9542659204032383, 0.975283704293051, 0.972679294504933, 0.9598420551788112, 0.9638944360659382, 0.9648543664136646, 0.9690119836100003, 0.9322601363517834, 0.9459616340486576, 0.9612747573713176, 0.9800187115192481, 0.953613106003016, 0.9536547094258725, 0.9766430202814206, 0.9768973501387005, 0.974998121002693, 0.9575740098526918, 0.9558896490276988, 0.9737569283939561]
Solidities:
[0.920871217561342, 0.8931586391721879, 0.9482751423715674, 0.9272819764523189, 0.9287421364253114, 0.9288891339508896, 0.9517293047040387, 0.8537184967852108, 0.9164404023457907, 0.9326156746672644, 0.9738068114192441, 0.9727059563638444, 0.9505550963879643, 0.9455301579109306, 0.9104887424492037, 0.9359022924694664, 0.913050144563535, 0.943260066862931, 0.8968230218697788, 0.9412938761980661, 0.9297642400064652, 0.932305198041183, 0.9305197079155912, 0.889376100794399, 0.9197268791096203, 0.9793150519050188, 0.9314080463915295, 0.9368661006310086, 0.9412784456848433, 0.9034145014283771, 0.9490718622690514, 0.9092237944364886, 0.9175253249858701, 0.9091261696591625, 0.9431220228670758, 0.9668150836967592, 0.9767267315019177, 0.9040813496066169, 0.9479816731179398, 0.9416159883569832, 0.906897865568945, 0.9619708484328409, 0.9330285453038832, 0.9385025855066338, 0.9522001024535868, 0.8221640812632702, 0.9437815524199038, 0.9333163853960929, 0.9538821888989457, 0.88311739611313, 0.9516534403435845, 0.9308568422347178, 0.9399368494912875, 0.9003849216883462, 0.897139460663568, 0.9680062426843543, 0.9821420664370035, 0.9470028464449037, 0.8974530785735074, 0.9725416844805472, 0.9212037689891673, 0.9317122234055142, 0.9036465686443305, 0.919588706866504, 0.9023189561007292, 0.9138490526536167, 0.9137205461938669, 0.8993121366356454, 0.9754682838558224, 0.911035223485996]
Curvatures:
[600.7270555095806, 511.0458146424488, 534.1168824543142, 553.7737367038067, 576.1585130146568, 610.0407640085655, 466.37676708413665, 664.9524522539969, 555.7442994522837, 522.1879502661798, 379.10973977937783, 531.016377390926, 514.1168824543142, 568.2001435749995, 579.9280656363574, 550.5727265770299, 523.9453095790604, 544.2590180780453, 602.4844148224614, 556.129075763134, 516.7026688919412, 516.5310960166873, 512.2173875177026, 562.2295808265224, 548.9869401394031, 545.986940139403, 532.5016587651645, 609.383909759073, 597.4133470105959, 432.50670939904785, 493.2468247692255, 602.383909759073, 568.271211386865, 533.9453095790603, 537.6732316404183, 542.3300858899106, 521.4600282048218, 589.6559876977152, 540.7442994522838, 595.2417741353421, 494.66103833159855, 564.2503961066936, 586.0996385116111, 540.0874452027913, 677.6803743153548, 744.9768388716363, 638.8397538817887, 613.6265504461924, 584.3717164502533, 499.07525189397165, 492.07525189397165, 524.8448045156722, 627.5971131946694, 579.9280656363574, 650.1534623807736, 597.413347010596, 654.6976182580579, 633.1828996322963, 542.5727265770299, 534.430590953299, 571.0996385116111, 614.7981233214462, 565.8864350760148, 536.3803384216048, 464.96255352176354, 607.2417741353422, 538.0874452027914, 570.2712113868649, 592.9280656363574, 601.7270555095806]
Curvature Stds:
[0.3404770442458723, 0.335510621198546, 0.3356511408070518, 0.3429770352470774, 0.34375139240598124, 0.3434967924267165, 0.32846039433447216, 0.3441634289819538, 0.34448418835283245, 0.33902113969249514, 0.3266691623514074, 0.32485411072276754, 0.3283100564252425, 0.32886053954310357, 0.34389320475659313, 0.34025619736085383, 0.3364582174118821, 0.33749563548107925, 0.3406293279323561, 0.3400311732776916, 0.343450579529709, 0.33478210092943056, 0.3280114444120698, 0.3425762365470002, 0.336841029171258, 0.33263649480082486, 0.3367206812864729, 0.34093050055894303, 0.3376453479315609, 0.337113964272073, 0.346643201398544, 0.345705348184653, 0.345181823615099, 0.3410063852240788, 0.33721287277063255, 0.33771383583628717, 0.33363149405705167, 0.3382295161216729, 0.3360904628733824, 0.34251597424168934, 0.33212025282280144, 0.33178771426248554, 0.33917131646697174, 0.33576092692814036, 0.3408879795788699, 0.3442326406826198, 0.34263237682284087, 0.341545557976239, 0.3431301331529904, 0.33692752504185813, 0.3350335853241153, 0.33380159018992916, 0.3382651562340178, 0.3368107677942074, 0.3412946708479513, 0.33710481954754296, 0.3449741951000631, 0.33884513414766015, 0.3396519187826836, 0.3384881408396979, 0.3385828760876853, 0.33715033184981824, 0.3404982004940932, 0.33566175560155603, 0.3244479839150318, 0.3406960264082734, 0.3303997083677989, 0.33820046626228384, 0.3437865118450359, 0.3344906335541043]
BBARs:
[3.2641509433962264, 3.2962962962962963, 3.281853281853282, 4.107981220657277, 4.515463917525773, 3.1872659176029963, 3.3415637860082303, 3.0202020202020203, 3.0883534136546187, 3.5375, 2.7695652173913046, 3.74609375, 3.711297071129707, 3.586080586080586, 3.279352226720648, 3.4556451612903225, 3.402439024390244, 3.4, 3.564853556485356, 4.013888888888889, 2.6102362204724407, 2.800751879699248, 3.8017241379310347, 3.5411255411255413, 3.732456140350877, 3.6275303643724697, 3.4506437768240343, 3.9327354260089686, 3.5725490196078433, 1.4285714285714286, 2.3384615384615386, 3.0615384615384613, 2.8704453441295548, 3.330508474576271, 3.9065420560747666, 3.4238683127572016, 4.054054054054054, 3.29811320754717, 3.7552742616033754, 3.2901960784313724, 3.6206896551724137, 3.9358974358974357, 3.603112840466926, 3.440677966101695, 3.538732394366197, 3.433098591549296, 3.1906474820143886, 3.6489795918367345, 3.495833333333333, 3.771144278606965, 3.711934156378601, 3.3043478260869565, 4.282608695652174, 4.044444444444444, 3.353356890459364, 3.5526315789473686, 3.7397769516728623, 3.4872727272727273, 2.7686832740213525, 3.095940959409594, 3.5, 4.553488372093023, 3.1749049429657794, 3.064638783269962, 4.014423076923077, 4.060085836909871, 3.9957446808510637, 3.384920634920635, 3.288808664259928, 4.058091286307054]
Frechets:
[116.51716611727218, 106.72979902538934, 124.08162635942519, 100.27586948014961, 88.5, 121.43002099975112, 116.40983635415007, 129.34933320276528, 119.02625760730277, 136.5, 113.63208173750932, 121.00103305344132, 119.18997441060218, 135.59221954079814, 119.88848985619929, 117.92476415070755, 109.72351616677257, 121.83287733612795, 109.57303500405563, 102.51951033827659, 118.5, 122.51632544277517, 112.09928634920028, 101.5, 104.44256795004611, 121.91082806707531, 103.36464579342397, 105.51895564305022, 122.51632544277517, 130.5383085534664, 119.33251861919281, 121.0836487722434, 106.4342520056396, 104.19812858204317, 103.50483080513682, 118.65180150339059, 109.5, 123.24467534137123, 112.94356998076518, 119.55856305593507, 113.65847966605924, 112.5, 119.56692686524983, 111.5, 141.6483321469053, 125.14891130169691, 134.6820329516896, 111.94306588619055, 118.92119239227296, 88.08660511110642, 155.12333802494067, 115.02717070327341, 109.58216095697328, 102.61700638783027, 127.57840726392534, 130.5344782040362, 133.5, 126.5987756654858, 135.30059127734808, 139.98660650219364, 119.69231387186063, 96.20940702446929, 115.235628171152, 125.8858610011466, 100.22100578222113, 109.86924046337992, 114.48689881379441, 110.23270839455955, 149.43644133878456, 116.60724677308868]
RGB Y:
[-63.234062734105024, -53.635425760526495, -67.52312462783951, -69.84906801521488, -60.90754378313091, -62.40292620357817, -74.06311627737492, -58.5270109463635, -61.82451375432736, -63.14112032278071, -36.55259380586303, -84.8778982041243, -66.97341029187503, -65.30903238774312, -77.62478092092876, -71.54117998663901, -60.485494722049474, -64.20170526512273, -67.9383285080371, -66.46225308408386, -59.75365027496613, -71.58371790448258, -70.49442117008063, -69.70791259039588, -47.90288852287421, -73.00040202029354, -67.00752290427806, -68.72964708562641, -66.70372486092053, -67.36469054909347, -64.4138234616271, -70.94305695128581, -68.335642958228, -58.66333492130549, -57.74005920185528, -79.9893113255045, -71.55228316050096, -67.16977598806021, -62.15651579906116, -62.70541276038948, -74.71215427281737, -64.61267313915857, -65.41373593805955, -60.07000468710053, -80.25114050775359, -64.66017133978589, -68.5197975743827, -62.090053024213454, -72.64847917339361, -43.162430969090366, -81.99348783697027, -56.23107216479611, -64.52288118588378, -68.28717205499814, -60.075685053006296, -79.30263711565784, -85.95176254845533, -77.16336495974979, -64.15742973414977, -59.665469934170495, -67.98556898719507, -60.8028183896563, -63.53438631002236, -71.06178069726005, -54.81362889305506, -60.86122551618209, -70.0212349407435, -63.130566438197675, -75.85271659694571, -77.04821827841037]
CIE Y:
[52.82048332925982, 54.3001932764011, 51.39655670270795, 52.696861034237926, 55.77550932809135, 59.19517054227082, 48.72802730604508, 62.05670779243462, 54.37058894965706, 51.39515429850742, 51.387010408911486, 40.39647633791248, 46.95013899444417, 52.85472124293838, 48.860199220912634, 53.56712729761102, 56.6668820506072, 53.53352024246475, 51.493552428362655, 51.173294412339594, 55.661573309423794, 49.43161911908326, 53.71231510701789, 52.68896772086283, 55.96643013727219, 49.2747380351425, 52.29912835464131, 52.706612623013505, 53.79210738486061, 57.16179757579338, 57.40203773074277, 52.741750920900074, 54.88346365573265, 56.30690661432911, 59.722985795925005, 48.41415096273406, 46.70680733623681, 55.505736613651536, 49.61441336752927, 58.01198335889615, 49.67368243539031, 55.24384396850526, 53.626192309434295, 56.33885435806665, 45.7308713075086, 55.31084055955938, 52.12287463795944, 59.197190401002985, 48.49319903704809, 63.11821339160646, 46.26517197838194, 56.89909977305978, 56.69344994198135, 56.09405335459764, 57.28914492172864, 43.41201673444011, 39.17005930715323, 48.1988373817484, 50.5277000691336, 57.94467713408269, 53.66437146366763, 52.08805393929469, 56.208946746243164, 51.490630595828485, 55.77144412978617, 60.03928591920669, 51.211051019310034, 60.62715282349544, 45.66991594821912, 45.82409972143997]
lab b Y:
[31.484359641430867, 23.73921501166175, 29.258192060123072, 28.107947896051197, 32.72497618148237, 32.25039080834993, 26.49204391195799, 34.20055316356334, 31.299857406198605, 31.433421005696545, 21.81341186729078, 18.285337094590858, 28.299406847900887, 30.301447438710355, 24.352879844462215, 27.99787864510917, 32.57650165728574, 31.161375102800413, 29.43917871713793, 24.00207385507905, 32.944538462812815, 25.56084720446158, 27.085775934773746, 28.486772556619997, 26.193791897772144, 27.17514640880295, 29.904502322649865, 29.029275295465393, 29.75349954563558, 29.701236083797166, 30.75078820830762, 27.995967802883968, 29.361726515924854, 31.548728503969503, 33.54876379760185, 23.732473001293112, 27.55778825748561, 28.042090222764553, 22.01803278538375, 28.41645521216374, 25.077529040128933, 29.394241360586395, 30.23688507280856, 33.121512089506325, 21.89333688150033, 30.672080087411064, 29.158236829292687, 29.698841321220034, 27.18477953002777, 39.926528382300845, 23.10215303589465, 26.395071307322596, 29.423365256698002, 29.73419036164962, 33.24474126727631, 23.210842148167718, 20.78291267486373, 25.140183585476027, 30.731445678456833, 33.51289495977748, 28.03722229555952, 31.948119627667488, 29.405915954726737, 24.078454893344603, 35.28874626118192, 33.04714878186334, 26.81089735530215, 31.96494100561015, 25.65058870037163, 23.047816501392347]
HSV Y:
[0.2723833279271016, 0.1933239841900496, 0.25757584340159856, 0.23728588349203536, 0.28518910587557794, 0.267801186432511, 0.22455960539294703, 0.28575567773396293, 0.26347494949023187, 0.26957671244198333, 0.19075690635670817, 0.1678410021604962, 0.27967350956004255, 0.264677820490763, 0.2086046318346584, 0.23248685259837404, 0.2739062115910648, 0.26444762383429066, 0.2560470387517438, 0.20990553303640755, 0.295038799546197, 0.24661819559801254, 0.22622827989430414, 0.23674392249457016, 0.2156297717981996, 0.22985275267825744, 0.2520791798917046, 0.25839038905453865, 0.2575648530504449, 0.2663960178857673, 0.28360586854253156, 0.24140026764002928, 0.2581067891925231, 0.25733896439234133, 0.2738046012265521, 0.19597951148004839, 0.2419202883572664, 0.2361759117741404, 0.18461159266603844, 0.23323092422213704, 0.21148259938873412, 0.26192918626075956, 0.2634786919856615, 0.2849929491237691, 0.18792755493700541, 0.26887227634397703, 0.25094462968703063, 0.247265422080986, 0.23577036492100478, 0.3454026492738676, 0.19689945577954898, 0.2221283191635999, 0.24242274835977443, 0.2518474075666554, 0.2804933546768723, 0.20445714402958132, 0.19729148946583094, 0.22438142339579925, 0.2633313984051397, 0.2929942001865751, 0.24100517101674132, 0.27014217234292864, 0.24611535446327285, 0.20428845670164883, 0.31768990954308957, 0.28034484556359685, 0.22761189842382115, 0.2672002047574439, 0.22217697711022924, 0.220771479154197]
RGB Y binary:
[64.71416391086426, 34.04694078407786, 60.1133766675873, 55.94455327281414, 67.01312512792522, 64.40683305912417, 53.527841937239785, 67.68317618100174, 64.3521578298397, 64.78097159307092, 39.71828466728711, 28.853085142368226, 59.580260562776395, 62.25443992379476, 48.39298094577813, 55.6025578800962, 66.39977298618791, 63.67059820017677, 60.287540570035574, 43.11805200068254, 69.275835602872, 51.43444320960214, 51.25073349003998, 57.549598253720184, 53.75599717779868, 55.647195924406645, 60.7523881327565, 59.102564380708564, 60.7189352606344, 60.65484720958447, 63.15203745027651, 56.39140468481872, 59.420604173503776, 68.23749948280856, 70.26200761001778, 45.870841272785526, 56.42474424299878, 55.129776272480086, 36.23471921483713, 48.93841982532943, 50.28783487978447, 60.42683018455528, 61.80842587818038, 67.79387314828132, 42.31155429062839, 62.12795052243621, 59.30725990285121, 53.88634903375674, 55.344455066304086, 84.36986269228242, 45.18290778480519, 47.33331627365431, 57.91606851253765, 59.55931727669258, 67.86269023345153, 47.37003117896098, 41.96394943687342, 50.17778534211034, 63.59764945641764, 68.35833882590128, 56.003095439513956, 66.51471831171918, 59.124165976286555, 42.075466197260575, 73.43927458013476, 67.06605684578827, 53.07272714171452, 63.55866884294523, 52.05261693636092, 46.83563395013106]
CIE Y binary:
[52.944432651732704, 42.05900239477468, 51.646983891879096, 52.279077989768915, 56.10311928325314, 58.68940880024067, 48.89658129588437, 60.88878815864749, 54.66956088751028, 51.35142446333259, 43.66389316216439, 32.624474236183524, 47.616100136871815, 52.761647711706125, 48.7299588390825, 53.37710358184122, 56.65648543819411, 53.64700511211012, 51.736431592147355, 45.790432965485735, 56.58188075708823, 48.738393031433056, 50.777346985455864, 52.94470398821502, 53.91010318896816, 49.2092583595729, 52.51481103846267, 52.380271064406, 53.79693372019824, 57.38453705846722, 57.28094152570557, 52.67669878299898, 54.94060857178081, 59.020398032045854, 61.919850117881985, 47.84309621626371, 46.81970502894837, 54.82975074046741, 41.84863174699104, 50.77199753443937, 50.01413927324502, 55.416637843572964, 53.76215225926012, 56.40356990547259, 44.40620759071755, 56.2515239735597, 51.89088783650865, 53.53284261834349, 48.4898575838539, 63.8710688144554, 45.605286861256765, 50.779052771553154, 55.388816512285544, 55.81055392591873, 57.637430169824896, 43.753566763563384, 39.104390311655685, 47.98692638263448, 50.71058126298876, 57.95300242946737, 52.94744375947539, 52.738362362740176, 56.009100193662576, 46.02658331445697, 56.11483887443774, 60.331781994497895, 50.132290666370146, 60.03550804957008, 45.5689415369925, 45.66827140671504]
lab b Y binary:
[31.64261235985186, 17.79304562858341, 29.507414384755045, 28.342181444652027, 33.08637132699415, 32.230866146122004, 26.66043982786787, 34.00312654064889, 31.92099256579917, 31.482429484726453, 20.419055127032443, 14.785701809947833, 28.96918075471741, 30.41715195166284, 24.48926770016314, 28.02187128543291, 32.83261675407856, 31.276006020388767, 29.66281708636267, 21.887089939529456, 33.79259165643538, 25.648760505398656, 25.984909747442916, 28.82455406592443, 27.30861381576434, 27.488328518760717, 30.13681155034317, 28.94867917648745, 30.05939855906045, 30.260493244093624, 31.14656417479875, 28.129970221654844, 29.471077477689626, 34.173845421180935, 35.34964423063884, 23.665660905370874, 27.636478830525036, 28.01160477193238, 18.61481027319869, 25.076274777181272, 25.588112708204324, 29.889923423218022, 30.461269726860657, 33.3229425946886, 21.542046732984065, 31.130563643475433, 29.199566972820534, 27.346312506606214, 27.18389640338895, 40.93582396819335, 22.791331863434454, 24.170118288669332, 29.247989090822138, 29.67352265454093, 33.64296623072833, 23.65631300757945, 20.759995394305776, 25.156860642171374, 30.91188034628477, 33.53159592458144, 28.092157950806296, 32.60513097000686, 29.96303900985773, 21.65792114684742, 35.671869826956446, 33.53612221982542, 26.661679130466105, 32.10631819301256, 25.61629695177565, 23.344146279581217]
HSV Y binary:
[0.27240718379238305, 0.14863264893586298, 0.25830380408560905, 0.23989247865666996, 0.28551455540685033, 0.2676979548736603, 0.22490650137002513, 0.2829262053930659, 0.2659791258144962, 0.26958193851085027, 0.18618612340189142, 0.13994859749455335, 0.28216756429930395, 0.2646661213604397, 0.20817960710343103, 0.23210038043544085, 0.2745460915593519, 0.26445522922430004, 0.25623520974216746, 0.19427432697142205, 0.2979430835248182, 0.24778154588753748, 0.2158860763283809, 0.23798008953466432, 0.22433965321665858, 0.23208586261552863, 0.25251557614404757, 0.2579317498011779, 0.2577244197538103, 0.26814426608649883, 0.2835500741383094, 0.24139638667107313, 0.25813521454367383, 0.27582006662394026, 0.28580833947444406, 0.1904829654740989, 0.2419293870433226, 0.23301688325049574, 0.15814582436748287, 0.206535149709173, 0.21288317885885466, 0.2633643560750803, 0.26438215259684333, 0.28523907367149276, 0.18328275572524091, 0.2701965941956139, 0.25142229628090146, 0.22854174512151185, 0.23576416996079608, 0.34839255823462517, 0.1944537842349146, 0.20536117583892333, 0.24102207663570213, 0.2513382028632199, 0.2816712858471145, 0.2049000331985345, 0.19714370241347165, 0.2240707973657746, 0.2635883435144668, 0.29304492891657213, 0.24029285109762566, 0.27169719299119754, 0.24663183625510127, 0.18455436261546465, 0.3179632397843141, 0.2816953719069853, 0.22442402921721197, 0.26492633159985196, 0.2219206040403614, 0.22089426912859164]
area/perimeter:
[76.19152661411187, 60.14803676629344, 75.92447652601606, 63.76409720821865, 54.98169211139256, 71.48468586167718, 71.33007770113116, 67.537539174155, 64.39182125722853, 67.48043019067906, 72.01864312646153, 87.45938477039272, 76.6042561240869, 81.85372088155688, 69.05208301179779, 67.90718719334645, 61.17241147316427, 70.65062187887202, 66.42159429031395, 63.82837144610121, 72.83777384440573, 72.84964102862348, 67.08906536647741, 60.22495699167506, 64.15794485353497, 80.80988849606635, 64.54396464804513, 65.17686951903966, 78.28848741341719, 76.18532058695084, 68.60589823872496, 61.636375141554154, 68.71427699494022, 57.62402453393407, 66.76101123798675, 72.8586579029203, 72.26760989311167, 66.38154858023503, 66.72670110148913, 69.96060658378424, 60.512056709959076, 67.70249101191902, 71.46039052980466, 69.78957103696277, 86.86870742793913, 55.67689290973414, 77.43136736572218, 65.52576483603767, 74.72762303296668, 59.11785367871461, 73.65471729357665, 65.95370097048914, 67.4584815581965, 61.32478323318241, 70.6654192722244, 86.22755033306638, 89.48958603451219, 81.94487555529282, 68.19786261191132, 87.4528060511993, 66.41609695707804, 66.65863266257217, 64.03161552888251, 62.84982668413555, 59.890598287746556, 64.91332163287817, 68.24639578898426, 59.507819196365034, 88.41554054716474, 70.09826578770095]
Convexities:
[0.9454657858568921, 0.9712329855560705, 0.9736050352040937, 0.9371288368897998, 0.9321377273760668, 0.967808294966828, 0.9868263110306553, 0.958952611000737, 0.9536584334977178, 0.9632273977010466, 0.9777430222686477, 0.9744577519118656, 0.9730216881018268, 0.979955416767219, 0.9660731106646833, 0.9650243896502264, 0.9701149736166359, 0.9691576424539791, 0.9184638614250183, 0.9681761507791911, 0.9549630683924041, 0.9223281909193516, 0.9504445059333751, 0.9523291914900963, 0.9593395790231121, 0.9767454759470376, 0.9686500387745892, 0.9498262436259239, 0.9643143139564504, 0.9264781606727602, 0.9609945667711315, 0.968752268366386, 0.9428034903025038, 0.9655347703891154, 0.960514290085753, 0.9726879217998191, 0.9737838199747477, 0.9678105783899624, 0.9610051706922778, 0.967878347349695, 0.9708874164098851, 0.944521790531307, 0.9685028685759913, 0.9505144862349175, 0.9680581185067266, 0.9103441100086804, 0.9488542991104651, 0.9675761818312182, 0.9408503604240867, 0.9438485497352689, 0.975984963519145, 0.9798393107928054, 0.965578928232532, 0.9573203730216165, 0.9636043127431982, 0.9442534320858804, 0.9701516351445504, 0.9713643557064756, 0.9698565413930135, 0.9648379102510624, 0.9809885742626728, 0.9587608403220786, 0.9487462237366906, 0.9465960160065706, 0.9621403502903446, 0.9647275536730693, 0.9700140796879959, 0.9675432934400078, 0.9708658901407194, 0.9654460622504967]
Mean curvatures:
[0.2514554439135959, 0.23670487014471922, 0.2291363717092725, 0.24235174472814297, 0.24331018286091927, 0.2632890651741759, 0.2171213999460599, 0.2637653519452586, 0.2557497926609681, 0.24913547245523843, 0.21238640883998758, 0.20914390602242064, 0.2199901080249526, 0.21904400292020026, 0.26372354053495106, 0.24711522736850536, 0.23783264166094437, 0.23622353215192937, 0.24854967608187353, 0.2526710930318646, 0.2620196089715726, 0.23639867094585232, 0.21567047895482214, 0.2509953485832689, 0.23868997397365355, 0.2287335316880616, 0.24270813982003853, 0.25129233392126726, 0.23858360503618045, 0.24394061443826726, 0.2722112719476962, 0.273437998074931, 0.27347026534497837, 0.24549209635818867, 0.23960482693423274, 0.24168007392598512, 0.22711673702300603, 0.24651170054252308, 0.23863384794893372, 0.2563487399377012, 0.22638949122727622, 0.22579047463253046, 0.24279189664938325, 0.2350249979124418, 0.2524889621145137, 0.26606315673987013, 0.25502584985300947, 0.25335530571684245, 0.2486688155107461, 0.23765488185427222, 0.2363473832343764, 0.2353564145810189, 0.24477266505252318, 0.2405342453904427, 0.25083081110369354, 0.23706878849626825, 0.2472423029675445, 0.24306445283389494, 0.2500335145516267, 0.24270235738115303, 0.24927963269821526, 0.23792497032563706, 0.2458238206238118, 0.23629089798308583, 0.20803693669877563, 0.24406823719266166, 0.22207488452447025, 0.2468706542800281, 0.25502282392961606, 0.2332275408951863]
Max curvatures:
[1.0, 1.0, 1.0, 1.0, 1.0, 1.0, 1.0, 1.0, 1.0, 1.0, 1.0, 1.0, 1.0, 1.0, 1.0, 1.0, 1.0, 1.0, 1.0, 1.0, 1.0, 1.0, 1.0, 1.0, 1.0, 1.0, 1.0, 1.0, 1.0, 1.0, 1.0, 1.0, 1.0, 1.0, 1.0, 1.0, 1.0, 1.0, 1.0, 1.0, 1.0, 1.0, 1.0, 1.0, 1.0, 1.0, 1.0, 1.0, 1.0, 1.0, 1.0, 1.0, 1.0, 1.0, 1.0, 1.0, 1.0, 1.0, 1.0, 1.0, 1.0, 1.0, 1.0, 1.0, 1.0, 1.0, 1.0, 1.0, 1.0, 1.0]
Skewness curvatures:
[0.6253111208441995, 0.7212173009477655, 0.8053826273162986, 0.7423267339345313, 0.74049118944983, 0.5462415930513028, 0.863873320804143, 0.5490529267576748, 0.6267204574628348, 0.6321531233836879, 0.901354223963317, 0.9210073550215125, 0.8274534981776615, 0.845305401202764, 0.5465419238844869, 0.6658352683686555, 0.7198010496219962, 0.7483375804143456, 0.655583020623339, 0.608548231307285, 0.5573743588708987, 0.716254154464928, 0.8763505213896303, 0.6523374120073108, 0.7149807362989418, 0.7762009959867356, 0.6716212709759898, 0.6318416113830818, 0.7249702446173301, 0.6633412726370398, 0.5003803462964476, 0.47985563676013765, 0.4739648641703016, 0.6901488393542705, 0.7094735090928326, 0.6933703210426068, 0.805730381130629, 0.6496442036895266, 0.7071908947766569, 0.6002734240168299, 0.7969079413255697, 0.7999613062607084, 0.6978687964671343, 0.7420900317143215, 0.6197183001451331, 0.5290240136904651, 0.6140999649692203, 0.6184605164126248, 0.6808771816655107, 0.7268918011511366, 0.7196638714628227, 0.7162876599389523, 0.6676866493201397, 0.6952605669420926, 0.6402882437690782, 0.7350680842962464, 0.7136904656563074, 0.6915258487015248, 0.6302315843097136, 0.6913400650896109, 0.6258330105814949, 0.7264871514800364, 0.6813902588799857, 0.727355863254003, 0.9304362012235238, 0.7012223774398142, 0.827161864104276, 0.6456960008834546, 0.6263318545794478, 0.7473688621852754]
Kurtosis curvatures:
[-1.5803825004238066, -1.4523504339654632, -1.283749165485634, -1.3537574682908111, -1.3519503955292154, -1.678205164192542, -1.2172704872585713, -1.667917072529872, -1.544151996867066, -1.58210701792696, -1.1469679771528944, -1.1165304327116774, -1.2997476136543222, -1.255232026304643, -1.6741069712348329, -1.5126474568190122, -1.4466405789947578, -1.3830860280385047, -1.5273600024977965, -1.6124536626185775, -1.6619169024764642, -1.468546438343753, -1.1929371734876613, -1.516755128753438, -1.4524382444056063, -1.3689408414197919, -1.533926805063424, -1.5653502413474605, -1.4266472308899163, -1.5451969990452308, -1.714735605038138, -1.750982691875632, -1.7638472352094465, -1.46335125082277, -1.4595675584758572, -1.4851090609172535, -1.2992264309210522, -1.5591144534028576, -1.4738273845134267, -1.6033861027680307, -1.3305900687033807, -1.3271207117223809, -1.464360158454191, -1.4097311752083022, -1.5860445420244729, -1.6966546555265816, -1.5799949784904024, -1.5822838721587837, -1.4632484980861469, -1.4290594523368605, -1.4596688062420031, -1.4777144285957764, -1.5268060620533583, -1.4896616169805854, -1.5478976227676184, -1.4119012787168737, -1.3923146349321744, -1.478687761095553, -1.579559266418166, -1.4820868039759738, -1.5970536884010944, -1.42793539426534, -1.4831046198411253, -1.4391861268362738, -1.0974908521756896, -1.4458671272086259, -1.281306336641125, -1.5663084684748751, -1.550378501042838, -1.4104925281353198]
RMS curvatures:
[0.42326641484080596, 0.41060512964070806, 0.4064051736446833, 0.4199614445156245, 0.42114708222290337, 0.4327946143931717, 0.39373586699828844, 0.43361345313011507, 0.4290423201401442, 0.4207182154291554, 0.38964179484664707, 0.38635652793733827, 0.3952001275034919, 0.3951322939015311, 0.43337355954193846, 0.42052373944862664, 0.4120297289072774, 0.41195249861010813, 0.42166963434429666, 0.423631774132348, 0.43198677765055354, 0.4098333645857653, 0.39256243217849407, 0.4246847570341357, 0.41283747723371206, 0.4036905574717753, 0.41507596695174953, 0.42353446530237554, 0.41343260342150695, 0.4161163879009716, 0.4407499128204272, 0.4407726472397059, 0.44038219466969625, 0.42018058515111223, 0.41367015199601537, 0.415282907242916, 0.40359879343565663, 0.4185298365472498, 0.4121928100068696, 0.42782224004647157, 0.4019403737785327, 0.40132832664827955, 0.41711519630977667, 0.4098440553373775, 0.4242113749194243, 0.43506978093831605, 0.42712425562184947, 0.42525554565246426, 0.4237622777986573, 0.4123105625617661, 0.4100092545990498, 0.40843132041722496, 0.4175367929643317, 0.41388188714616786, 0.42355418561046965, 0.4121180290175011, 0.42442425903997455, 0.4170088166537808, 0.42175844310671157, 0.41650768992598947, 0.4204505907451742, 0.4126483221471982, 0.41996234989080117, 0.41049019798671427, 0.3854164777192838, 0.4190979441809758, 0.3980970002726514, 0.418717894679312, 0.4280488365264096, 0.4077733068353566]
Norm curvatures:
[0.29258475272421997, 0.2698994851888572, 0.26178628097043244, 0.2759789157609002, 0.27549766013109134, 0.30246369104691645, 0.2463676579701699, 0.3095295251834404, 0.29525085822351055, 0.28628356187387566, 0.24239955593592527, 0.2321951241681541, 0.24568853094738036, 0.24719486020585418, 0.3029711574600354, 0.2836844042392475, 0.27298660066426367, 0.2715197357865409, 0.2872330773744405, 0.2882081226954988, 0.30414814530860823, 0.2796852948974389, 0.24261625430761988, 0.28964821138283414, 0.27362479045485577, 0.2577187091400323, 0.2753740759466647, 0.28837156032295735, 0.27376256812621597, 0.2957590686931944, 0.3221231682853873, 0.3155885299656098, 0.3200513478300349, 0.28100985760684666, 0.27168208392424054, 0.2754210433712222, 0.2583831643030524, 0.2811664199005953, 0.27110286595433464, 0.29465249715025466, 0.2566890962865421, 0.2542346070472291, 0.2784163962286783, 0.27264503372553434, 0.28903164182935326, 0.30603358082211146, 0.29419068076064087, 0.29014772194326743, 0.2882020575491855, 0.2720546106336857, 0.26881630727688866, 0.26605833133470785, 0.27678902790620485, 0.2738176613527073, 0.28906715046347237, 0.26869112243140775, 0.27933106378602546, 0.27513051246228926, 0.2898880240639258, 0.2783398213227302, 0.28393023909684173, 0.2704356927712511, 0.28168476152682775, 0.26853419728248523, 0.23317261008561554, 0.2789638538413397, 0.25159298121780216, 0.28348245925311794, 0.2926482877918071, 0.26250987819431]
Radius of curvatures:
[1.4088214331587712, 1.4090286916340717, 1.4003137784008435, 1.3931518558117515, 1.391865779208675, 1.4098737229535867, 1.4072573040736998, 1.408454443324058, 1.4014028336399071, 1.4108368213754885, 1.4064275931555557, 1.4075506096271475, 1.4113569171153497, 1.4085109976846049, 1.4091374157753858, 1.4056288253290932, 1.4074600803778816, 1.4027832275375698, 1.4058802717691397, 1.41104356062024, 1.4090857466078164, 1.4107997143315587, 1.4067243046389502, 1.4026197985407693, 1.4072294167040287, 1.4088201566130287, 1.4114558156196129, 1.4074390414931612, 1.4048108650193454, 1.4114974078657307, 1.4076387439227285, 1.4107983739907495, 1.412147659318865, 1.4019981490055242, 1.407081408318989, 1.4076905141467473, 1.4040000772734846, 1.410724398791132, 1.4093148474435844, 1.4072769716156512, 1.407657664263593, 1.4079455135099461, 1.404627621221952, 1.4065631799545948, 1.408563219969265, 1.4098700455131294, 1.40589230777185, 1.4074861959308407, 1.398947706265979, 1.4059292911256334, 1.4100295869955892, 1.4125365843877793, 1.4090534840196367, 1.4091374157753858, 1.406038294694679, 1.4048108650193454, 1.3922684729758452, 1.4058173415141815, 1.4098762475838482, 1.4064815758754643, 1.4121579119394818, 1.405564091233054, 1.4037536239293302, 1.408170658943249, 1.4072359985352636, 1.4015136182437316, 1.407638743922729, 1.411122416385236, 1.402721509376013, 1.4083381926940446]
Pigmentations:
[0.8004881467340084, 69.29521187294338, 1.3765187315503415, 8.492064648702216, 1.6506743608669396, 5.072839407714597, 0.9248260029880115, 14.02540854478949, 4.660175283558856, 0.7014492340373963, 69.72146637430762, 25.654592254361482, 3.4991902211819226, 1.7132761712324058, 4.939961471052594, 2.926057452269611, 2.8752109968744195, 0.4386491207018386, 1.0774547672291117, 29.033527586467873, 3.4271140511676097, 19.150205583829322, 18.201020329396574, 2.471027758679247, 50.91127393633397, 5.8604366733103825, 1.1502864010238643, 1.5520543361407955, 2.770106957704916, 5.817659188902081, 4.982714911269878, 2.5576184906344213, 0.6734087042249042, 13.102568020637646, 7.630701419548136, 19.303569241655214, 0.23971050851464862, 11.452628021908396, 40.46381279338611, 36.7242255305229, 6.024668326767883, 5.238834951456311, 1.8152406119954063, 1.2442121410107092, 8.779925195765763, 3.8893561216198878, 2.522758339877265, 28.667625615207797, 0.021310946076848563, 4.010774677705606, 2.311833766630011, 42.2526469784178, 13.601419649351627, 2.0252694165737646, 2.326504350545096, 5.051955188340652, 0.20970831479850752, 2.1043461833142665, 0.7165405240938653, 0.12336117718648006, 8.66563178264626, 3.015632104410418, 13.740692644019088, 30.491936162240286, 1.4510947217152155, 4.0431431717163475, 9.28231979552749, 12.006191802245326, 0.3613729146716395, 5.637295219295841]
