Filenames:
['B4CD2P1-01.png', 'B4CD2P1-06.png', 'B4CD2P1-10.png', 'B4CD2P1-11.png', 'B4CD2P1-12.png', 'B4CD2P1-13.png', 'B4CD2P1-16.png', 'B4CD2P1-17.png', 'B4CD2P1-18.png', 'B4CD2P1-21.png', 'B4CD2P1-22.png']
Areas:
[142821, 147407, 183689, 103782, 166720, 159107, 160076, 171751, 180365, 129459, 83939]
Perimeters:
[1986.3788591251896, 2082.496608131281, 2220.0773439350246, 1799.4671708797582, 2018.1362184380705, 2040.4204896855322, 2099.53318805774, 2113.508801440101, 2110.35447250755, 1694.638743755012, 1347.9280656363574]
Minor axes:
[222.21762292778814, 211.6122906431454, 250.60282831076248, 185.06067119092165, 255.99207897850556, 234.60913103329295, 243.38934357874038, 240.83007256532704, 251.7252113613637, 244.46871235023733, 212.22910320939317]
Major axes:
[866.1848356879917, 925.644532800021, 976.1251906894008, 789.241345886886, 843.7859284447134, 875.9446715347898, 920.7622868785058, 919.1066065234907, 923.2111679867793, 689.2800434387829, 529.2302530382186]
Convex hull areas:
[153643, 155097, 194640, 118541, 174082, 163767, 179053, 176218, 184782, 134527, 88756]
Elongations:
[0.5930022724068229, 0.6290325584070674, 0.5926474031114749, 0.6216213994938383, 0.5354184797018721, 0.5786524555855096, 0.5830375676015253, 0.5859324529014068, 0.5726364097588977, 0.4774124200133485, 0.4288259059637648]
Roundnesses:
[0.43419068187424015, 0.4182735174681331, 0.4429229461398278, 0.3845066305270209, 0.4898639997796489, 0.4671378859691019, 0.4347876320385528, 0.45813437881322583, 0.49955956091535275, 0.5378795201466109, 0.5565235031517334]
Eccentricities:
[0.9668114366549851, 0.9737260611065429, 0.9667374675256594, 0.972396769182522, 0.9531251088948057, 0.9637233162689958, 0.9646883722557248, 0.9653150693287876, 0.9623679441253022, 0.9353520589568629, 0.9166239210113262]
Solidities:
[0.9295639892478017, 0.9504181254311818, 0.9437371557747637, 0.8754945546266693, 0.9577095851380384, 0.9715449388460434, 0.8940146213690918, 0.9746507167258737, 0.9760961565520451, 0.9623272651586671, 0.9457276127811077]
Curvatures:
[547.9158723275376, 497.48946545634476, 606.5554826343268, 499.7321061434641, 529.8448045156722, 540.7737367038067, 569.8569978244918, 552.2295808265224, 515.4600282048219, 460.20519420888286, 421.9503602129438]
Curvature Stds:
[0.33925124413821234, 0.32784598002085963, 0.33908310886023224, 0.3375098313956643, 0.33858750497410217, 0.3369584594214272, 0.3356019591720779, 0.3358992428736083, 0.32905664206116303, 0.34058140377353796, 0.3454970583044465]
BBARs:
[3.404166666666667, 4.049773755656108, 3.626984126984127, 3.6634146341463416, 3.2890625, 3.6808510638297873, 3.396887159533074, 3.7344398340248963, 3.5860655737704916, 2.8583333333333334, 2.29004329004329]
Frechets:
[105.99646220511325, 103.90019249260321, 125.02499750049988, 83.85254915624212, 133.54868026304115, 115.85011868789778, 113.63208173750932, 119.81756966321758, 119.70484534888301, 130.25839704218689, 101.11503350145318]
RGB Y:
[-67.28484353799186, -34.20464175457091, -56.57076426725486, -73.3938070315388, -73.36667049528174, -77.8541322392539, -66.63669961594157, -74.20051658350455, -63.3771839699814, -69.2824733269427, -79.69068633353402]
CIE Y:
[54.293799020680325, 55.03971683425027, 54.18360112356945, 53.21569269575417, 49.62189084202936, 46.25845663451668, 54.297670407176895, 51.18881891642724, 50.54902488695165, 53.20526748921321, 50.501804169154724]
lab b Y:
[28.00102369132493, 25.03394845293487, 27.29947819942267, 25.60471929538052, 26.664850629928015, 24.245105465132056, 26.61151484569882, 25.149772928542756, 23.054125248135623, 27.900473294100983, 22.83051501987841]
HSV Y:
[0.2409332401974057, 0.20769327004261373, 0.22645503370870976, 0.23383764929163256, 0.24237729182582124, 0.21804789774151387, 0.21888881314867437, 0.22170423827900732, 0.19410917935948296, 0.24486337145256812, 0.2009753012395441]
RGB Y binary:
[57.03191440755407, 41.26406172907187, 56.4577383320807, 52.009534160210976, 54.363340298908724, 49.13915109463775, 55.102183709887186, 49.42475745230588, 41.22967918228494, 57.05499681166205, 45.01548441778589]
CIE Y binary:
[54.83966270547995, 46.64263947201551, 53.979238228052424, 53.44888923820174, 49.71021442822993, 45.98838694247309, 56.103545114102936, 50.160077988697694, 46.1037193671373, 53.92689712779887, 49.936474609818845]
lab b Y binary:
[28.823512576319985, 21.354343599652204, 28.70481097666769, 26.121581009381316, 26.79322221502705, 24.216624724090813, 28.42515767659854, 24.973604332581903, 21.304686658313216, 28.519832270138874, 22.838466779262088]
HSV Y binary:
[0.24309234587996964, 0.17449961294146604, 0.23832223760163979, 0.23412748660322877, 0.24236289311314005, 0.2178356636087378, 0.2296500920810313, 0.21995328226780855, 0.17822150287516214, 0.2452157669810706, 0.19928011171937118]
area/perimeter:
[69.9545571112764, 69.76212988681345, 80.17398595150354, 56.058395570833106, 80.33048152172171, 76.61603626508442, 74.12937805041645, 78.83966781727163, 84.39401652056198, 74.14917394966209, 60.670718799946954]
Convexities:
[0.9636866683187861, 0.975307831937622, 0.9598010704573072, 0.9622725022342843, 0.9751008961124802, 0.9688274437828324, 0.9652690267840804, 0.9767788000440967, 0.9738812404431516, 0.9668910864070059, 0.9733796988810611]
Mean curvatures:
[0.24233342429347085, 0.21601800497453094, 0.24546964088803191, 0.24235310676210672, 0.24655412029579907, 0.2321913854460312, 0.23853369519652232, 0.23660221972001816, 0.21860052086718487, 0.25695432395805856, 0.268075197085733]
Max curvatures:
[1.0, 1.0, 1.0, 1.0, 1.0, 1.0, 1.0, 1.0, 1.0, 1.0, 1.0]
Skewness curvatures:
[0.7034403472228101, 0.8701490397025119, 0.6696220539957529, 0.6841379185260238, 0.653197404425136, 0.7859582085253854, 0.7027420054958895, 0.7266796088043593, 0.8529304417290402, 0.5734115015732822, 0.5245350275816603]
Kurtosis curvatures:
[-1.453486733536503, -1.2085107015734944, -1.516079809443502, -1.5038605356742425, -1.549572526485385, -1.3131172917395677, -1.4866952545446284, -1.4383881778438858, -1.2365308711659644, -1.6641252191785323, -1.691517853410389]
RMS curvatures:
[0.4169135344158598, 0.3926152889139881, 0.41860804974584453, 0.415509223298322, 0.41884416285705, 0.4092112447758603, 0.411736564740423, 0.4108636169576263, 0.3950499479913558, 0.4266394463678864, 0.4373014161760521]
Norm curvatures:
[0.2774307244226111, 0.24326133107278192, 0.27917603707404537, 0.27826565299506106, 0.28360688870446477, 0.265997081787192, 0.2741084249560162, 0.2681904872547383, 0.24490103431142435, 0.2990403243621148, 0.31472734197055957]
Radius of curvatures:
[1.4039527309714153, 1.407695180132603, 1.4074072362308145, 1.4089106860411493, 1.4097715938757969, 1.3999303360843678, 1.4106027343075764, 1.407808198006501, 1.4073481442122153, 1.4129390591042548, 1.407927015895257]
Pigmentations:
[7.196969696969697, 50.054419626660824, 25.53538213362743, 5.566472751327899, 1.0633474589078775, 1.265662494222526, 16.733614556443996, 8.211916642207221, 29.092239054324946, 3.447819005089118, 7.658037326911499]
