Filenames:
['B4HD2P1-01.png', 'B4HD2P1-02.png', 'B4HD2P1-04.png', 'B4HD2P1-05.png', 'B4HD2P1-06.png', 'B4HD2P1-09.png', 'B4HD2P1-18.png', 'B4HD2P1-21.png', 'B4HD2P1-22.png', 'B4HD2P1-23.png']
Areas:
[160996, 164440, 161323, 164828, 38190, 106868, 194304, 138747, 142626, 168715]
Perimeters:
[1881.9524522539966, 2060.6803743153546, 2207.0479066835014, 1983.1128778409575, 1197.4427842621187, 1609.7098115668775, 2186.52099474892, 2102.253967444162, 2095.5331880577405, 2222.989032180456]
Minor axes:
[266.29282924769575, 257.75718033340866, 235.1534437536606, 265.3927766041556, 237.23648159219692, 222.3406291047122, 264.52894249961605, 221.9088545916484, 223.70113151256447, 244.39461815997396]
Major axes:
[785.8805990149284, 849.9888992707275, 926.0653686385276, 825.897488088303, 373.1231334236262, 661.549845303898, 948.4193082158213, 861.0599469443985, 878.1602207194468, 908.4326960418299]
Convex hull areas:
[164601, 173310, 176376, 172225, 60098, 115304, 200128, 151025, 157225, 177765]
Elongations:
[0.4947427192056823, 0.5354759936195504, 0.5961166174603827, 0.514664221953165, 0.22382725249039784, 0.4980156111584383, 0.5649347177028343, 0.59077744987057, 0.5952776362078234, 0.5769479461924151]
Roundnesses:
[0.5618681058731577, 0.48035809035808374, 0.39380100611532987, 0.5184742749783249, 0.3237171024414225, 0.49350433182216447, 0.48533365349850593, 0.38587401974447266, 0.3857764132540465, 0.4084487914509453]
Eccentricities:
[0.9411378823559534, 0.9531405963429461, 0.967455484034019, 0.9472740010969414, 0.7731546239396464, 0.9421827197683762, 0.960578590306154, 0.9663457135418881, 0.9672828821146606, 0.9633430170318461]
Solidities:
[0.9780985534717286, 0.9488200334660435, 0.9146539211684129, 0.9570503701553201, 0.6354620786049453, 0.9268368833691806, 0.9708986248800767, 0.918702201622248, 0.9071458101446971, 0.9490900908502798]
Curvatures:
[507.14631970583713, 481.17575695736, 634.9108216936543, 358.4823227814083, 387.8376618407357, 470.4478348960021, 580.2712113868649, 515.2884553295681, 648.9610742253485, 317.29855659733477]
Curvature Stds:
[0.33771849930684533, 0.33431044907505497, 0.3407154262489286, 0.335136559833515, 0.34593829811833454, 0.34115478189892534, 0.3372471175300087, 0.33230938054752646, 0.34804897340536606, 0.34241813773059]
BBARs:
[2.8656716417910446, 3.305019305019305, 3.644268774703557, 2.903225806451613, 1.3153526970954357, 2.677685950413223, 3.480916030534351, 3.7344398340248963, 3.432, 3.6070038910505837]
Frechets:
[130.25455846149876, 157.22674708840097, 114.13259832317847, 221.5, 89.95137575379268, 102.50487793271108, 128.5, 110.03294961055984, 109.25772283916592, 251.50198806371293]
RGB Y:
[-84.24584475400192, -70.74339596031444, -74.7118590525519, -44.55425949556436, -78.51932110724808, -68.1696139582724, -80.08781732462957, -60.66579366638294, -79.50903512124687, -71.3254333120384]
CIE Y:
[42.573460306135814, 47.96019344198146, 51.00608514106248, 44.99228700098077, 46.33473781010016, 53.248329363276824, 46.20766433559738, 56.324494924595434, 47.40955354461544, 50.25394223169727]
lab b Y:
[20.314345218554685, 26.592547166325126, 25.936053452154983, 19.15803730206296, 21.563145247970702, 27.136376300580867, 23.349396318835858, 29.591126673240662, 24.047193548003083, 26.318686827722768]
HSV Y:
[0.17592251718582572, 0.2336326529978905, 0.21881310007238353, 0.18721571281275542, 0.1908378056840714, 0.23759346462321954, 0.19896080328117066, 0.25279660153364075, 0.21048750430636934, 0.22886921162903]
RGB Y binary:
[39.57628994739764, 55.23186850859595, 51.21794166920007, 25.132411295827115, 44.370049504950494, 55.10870157384988, 46.16083684511315, 60.167975331664785, 47.77834051179938, 53.76776950887699]
CIE Y binary:
[41.869957924989045, 49.01849638688227, 50.9886668979526, 30.984048016344993, 46.97812446869964, 52.862918701584825, 45.92769413822061, 56.55582343939581, 47.29683795708099, 50.5509195935783]
lab b Y binary:
[20.14212178784281, 27.364459358761074, 26.070036260071877, 12.862415360884993, 22.40031358787952, 27.560680628561528, 23.33140512951419, 30.354218871998153, 24.105580297112848, 26.80271303670225]
HSV Y binary:
[0.1734913898363609, 0.23510253665624087, 0.21944221908026568, 0.1387246509005799, 0.19266233163255334, 0.23833731255027008, 0.1979855937843026, 0.2531796504627497, 0.21046150965149263, 0.2302088720489892]
area/perimeter:
[84.559741897518, 78.99801681867106, 70.8091528289969, 82.17867524186342, 31.063900027825504, 64.49064706214118, 86.34020032943916, 64.9904753750031, 65.87490882039405, 73.76703985716847]
Convexities:
[0.9779055332912675, 0.9761347193076804, 0.9631162912014308, 0.9681805550309296, 0.818002975095399, 0.9677174657561346, 0.9724718358508506, 0.981172238741514, 0.9521006512256117, 0.9609265024883529]
Mean curvatures:
[0.23944585444090516, 0.23483443482545632, 0.2548819035301703, 0.23127891792348923, 0.27254930558027807, 0.2541587438660195, 0.23869650818052857, 0.22810467256731656, 0.2697261322632371, 0.2542456382991464]
Max curvatures:
[1.0, 1.0, 1.0, 1.0, 1.0, 1.0, 1.0, 1.0, 1.0, 1.0]
Skewness curvatures:
[0.7167134572906143, 0.7277958287146158, 0.5947071721504362, 0.7760080582986454, 0.4900153975312971, 0.6064738403193151, 0.7194048430723355, 0.7795567759023749, 0.5365196670063528, 0.619271936175373]
Kurtosis curvatures:
[-1.441625037572325, -1.4505698730301066, -1.6287254907472142, -1.3477156943987503, -1.7352059604058672, -1.6055018396211609, -1.4405602264639226, -1.364978495607127, -1.652661229213427, -1.5733653761835085]
RMS curvatures:
[0.41399046122223987, 0.4085470451986606, 0.42550180543818167, 0.4071933835573747, 0.44040484792665663, 0.42542126450855305, 0.41317265313652674, 0.40306484099574286, 0.4403297336249444, 0.42648684111121843]
Norm curvatures:
[0.27437538724593113, 0.2682122179390923, 0.29049278645910187, 0.26279111111180836, 0.3253593675301481, 0.29716423187854374, 0.2714166496398214, 0.25727892325427715, 0.30962660309305384, 0.2891679216059011]
Radius of curvatures:
[1.4054748796226082, 1.4105479556264306, 1.410973903226043, 1.404312042953818, 1.4096617649843797, 1.4092079604108825, 1.4060717724493, 1.4090716009091535, 1.4023397447085966, 1.405836209426224]
Pigmentations:
[5.302944968022128, 3.4130069535571064, 3.290358498945959, 47.22474921697082, 8.8617001512779, 6.466741528502543, 3.001243394466895, 11.05436609266898, 1.891960759332399, 3.887419472323556]
