Filenames:
['B2CD3P1-02.png', 'B2CD3P1-03.png', 'B2CD3P1-05.png', 'B2CD3P1-07.png', 'B2CD3P1-08.png', 'B2CD3P1-09.png', 'B2CD3P1-10.png', 'B2CD3P1-11.png', 'B2CD3P1-12.png', 'B2CD3P1-13.png', 'B2CD3P1-14.png', 'B2CD3P1-15.png', 'B2CD3P1-16.png', 'B2CD3P1-17.png', 'B2CD3P1-18.png', 'B2CD3P1-21.png', 'B2CD3P1-22.png', 'B2CD3P1-23.png', 'B2CD3P1-24.png', 'B2CD3P2-01.png', 'B2CD3P2-02.png', 'B2CD3P2-03.png', 'B2CD3P2-04.png', 'B2CD3P2-05.png', 'B2CD3P2-06.png', 'B2CD3P2-08.png', 'B2CD3P2-09.png', 'B2CD3P2-10.png', 'B2CD3P2-11.png', 'B2CD3P2-14.png', 'B2CD3P2-15.png', 'B2CD3P2-16.png', 'B2CD3P2-17.png', 'B2CD3P2-18.png', 'B2CD3P2-22.png', 'B2CD3P2-23.png', 'B2CD3P2-24.png', 'B2CD3P3-04.png', 'B2CD3P3-05.png', 'B2CD3P3-06.png', 'B2CD3P3-07.png', 'B2CD3P3-08.png', 'B2CD3P3-11.png', 'B2CD3P3-12.png', 'B2CD3P3-13.png', 'B2CD3P3-15.png', 'B2CD3P3-21.png', 'B2CD3P3-23.png', 'B2CD3P4-02.png', 'B2CD3P4-06.png', 'B2CD3P4-10.png', 'B2CD3P4-11.png', 'B2CD3P4-13.png', 'B2CD3P4-14.png', 'B2CD3P4-16.png', 'B2CD3P4-18.png', 'B2CD3P4-22.png', 'B2CD3P4-23.png', 'B2CD3P4-24.png', 'B2CD3P5-02.png', 'B2CD3P5-03.png', 'B2CD3P5-06.png', 'B2CD3P5-08.png', 'B2CD3P5-09.png', 'B2CD3P5-12.png', 'B2CD3P5-13.png', 'B2CD3P5-20.png', 'B2CD3P5-21.png', 'B2CD3P5-22.png', 'B2CD3P5-24.png']
Areas:
[196491, 227738, 211373, 247064, 210844, 320676, 237839, 243181, 204773, 187533, 177185, 234275, 235938, 226608, 202828, 192562, 278850, 215909, 275727, 210240, 276515, 312841, 237651, 127940, 192553, 203077, 224868, 200794, 306685, 221664, 382718, 254136, 232208, 247467, 323488, 306176, 307042, 186928, 279667, 204544, 238915, 179419, 220122, 135868, 275111, 186136, 231144, 256344, 205048, 203395, 259789, 209518, 297180, 254843, 297515, 229607, 151905, 290571, 303345, 220794, 181085, 251288, 298809, 234336, 215782, 290237, 248692, 89985, 306995, 192870]
Perimeters:
[3072.5769106591356, 3248.878425849301, 3441.329219338133, 3098.8611819065977, 3202.6774157225245, 3345.086578651014, 2983.866232540481, 3383.890619158121, 2202.049998724555, 3150.2093782909888, 3104.7606768432097, 3244.375900532359, 3402.182033080519, 3175.973880278806, 3191.4541110191612, 3194.4347750354045, 2948.0327547818515, 3230.452018978108, 3143.1038225937173, 3026.8124086713187, 3139.841845922842, 3272.535280098793, 3129.782971419796, 2631.94235098623, 3274.341412646953, 3011.74848353439, 3038.5495654486663, 3020.961686969986, 3170.091629284897, 3235.5129855222067, 3468.500792213387, 3233.9494936611663, 3009.790114094732, 3350.5769106591365, 3289.9078631008238, 3095.8561312727147, 3230.9444430272833, 3229.0277041479685, 3168.400287149999, 3203.655121145938, 2878.826694021192, 3125.890619158121, 3487.5790027001894, 1622.9717882377527, 2961.3048327204942, 3053.446968344225, 3253.6408357960645, 3344.7678195181456, 2865.9007204258874, 3127.398195108946, 3373.8561312727143, 3051.706852974047, 3011.8489885977783, 3810.029796189021, 3097.547473407613, 3070.375900532359, 2217.6824663564075, 3121.464212286928, 3073.6307345282985, 3125.53022946491, 2973.5474734076133, 3133.2804461028545, 3045.665222413704, 3053.322076663197, 3016.576910659136, 3158.971788237753, 2245.731239591687, 1219.1585130146568, 3159.2043276571058, 2890.7535341682733]
Minor axes:
[266.52509151489716, 259.0712624457155, 227.83799549781946, 279.9068174706595, 263.26154691945015, 288.80915951756697, 276.3320274819629, 266.959227662596, 361.4717204441905, 235.30746341903946, 210.46048772282285, 284.04040055719935, 272.48360707472426, 264.683806752227, 262.68759132221174, 236.30130820870312, 294.32562046109257, 246.74493811286874, 287.24291357021735, 276.0058642307867, 253.5505406231358, 284.2133018038657, 284.54616121917206, 187.08504342203915, 238.79440462803854, 261.41641246874667, 334.63647559136234, 272.18539054646726, 288.90699871825433, 280.1502995757441, 354.5548982460754, 247.44865642614215, 290.6265423336861, 247.63675063486195, 310.50982543972196, 296.89564868204894, 291.0459454525416, 276.80882631112144, 307.87969165460487, 263.4960210394605, 327.8021709933937, 232.62840002537956, 287.8656685397265, 353.57089420920147, 292.1807448731199, 260.7133912645771, 268.23617886005377, 277.4902104086323, 235.6933116036784, 232.15510354532296, 300.3344422586121, 252.61218588832978, 301.0309433518594, 292.67463008038175, 302.1477134211804, 291.25010092752626, 244.8058129057399, 287.28094831405843, 324.26495018469996, 261.3308101596696, 287.0162200732454, 295.75044969097, 301.92657915570663, 292.11684969893696, 276.7751726842417, 262.60801370810145, 432.44930771618385, 300.49848448417555, 290.7783701143131, 237.74623873555413]
Major axes:
[1223.692617760488, 1308.9571711307701, 1489.5228023359614, 1238.4698888486487, 1326.5097900177861, 1477.6666607458958, 1201.5806774888406, 1378.4702066695124, 816.7622565684194, 1307.2680806981468, 1346.5804431443191, 1288.377991581831, 1341.0065478667593, 1287.188993120943, 1278.1985720378034, 1322.354166425878, 1290.152337173892, 1333.7232270368136, 1308.4285574782696, 1214.8740980118675, 1454.7299722319124, 1457.604282294131, 1253.8599235093343, 1101.7034541518242, 1308.4897762621993, 1193.733672856063, 1104.5362530669752, 1194.6276515995648, 1402.4541134404876, 1261.352980092119, 1495.5102930533862, 1375.5375529166752, 1187.1370196333357, 1448.1637731332335, 1518.1397742775214, 1383.1387592652325, 1375.198528020678, 1276.4172354911743, 1290.2450926889767, 1288.0097273390627, 1043.9416020060887, 1315.2105555910061, 1275.7956230150835, 516.3168101401842, 1295.7909438933666, 1234.4140049102946, 1341.8185731584877, 1360.4277011968056, 1198.3932410008983, 1292.280066201399, 1242.2482732155963, 1246.7524797144083, 1301.967936749566, 1449.2892663938155, 1313.2174522755834, 1202.0249412168782, 948.641926491786, 1373.4275932706103, 1292.5084449164624, 1380.5827547199876, 1164.415363915507, 1196.118021220151, 1316.9541169406068, 1175.0705035549959, 1197.0902034440808, 1447.8503687720172, 773.5851579242683, 386.9779936976211, 1390.4842375101186, 1224.7740545206389]
Convex hull areas:
[246450, 272805, 274821, 277109, 255187, 345889, 274492, 285716, 236963, 232336, 219014, 276427, 280345, 269717, 258803, 234965, 300013, 254220, 287177, 248917, 294807, 328685, 283921, 170771, 250113, 239264, 288216, 245077, 322149, 271208, 427513, 276152, 265743, 295813, 375280, 340521, 331694, 265112, 328574, 252530, 278979, 235312, 279174, 144949, 305053, 247241, 280617, 283364, 231381, 236361, 296093, 250340, 311745, 323777, 317964, 277071, 202947, 315582, 339428, 287199, 250238, 279767, 312540, 275866, 251976, 302786, 266022, 93184, 331044, 222805]
Elongations:
[0.642467222224334, 0.6698555167292782, 0.7352138461875335, 0.6319076908993437, 0.669133542069082, 0.6739500548166916, 0.6264930796197131, 0.6758739627475202, 0.38722108707175634, 0.6949918176196648, 0.7301269966685288, 0.6387891652184874, 0.6624478865674623, 0.6594005196675924, 0.6593481521460499, 0.696922868345495, 0.6293813497428989, 0.6882368527052252, 0.6405266029433435, 0.6300117216429243, 0.7040524566387384, 0.6745589497900951, 0.6304386317561277, 0.7098261925144644, 0.6914430914277896, 0.641084242652853, 0.5349775408561961, 0.6290698861055186, 0.6593218819279413, 0.6367549812088117, 0.6175275483903397, 0.6958854544979464, 0.6069508882986605, 0.7085968200282999, 0.6612813050932271, 0.6476401720607454, 0.6516045994418375, 0.6432253664343653, 0.6152815644642682, 0.6607868370573253, 0.5219883474173247, 0.6996686295215384, 0.6319231429088549, 0.18763531243259696, 0.6329040920486959, 0.6512541121501572, 0.6670123516132767, 0.6615337333029424, 0.6718815012153178, 0.6958609181150806, 0.6110343163155136, 0.6633494057561441, 0.6253068502126553, 0.6640675805541811, 0.6267735681375092, 0.6102264592348383, 0.5912578250461962, 0.6548612333799666, 0.5998889801133649, 0.6824832586585279, 0.6043055030191697, 0.603957747780514, 0.6278837779935911, 0.6021606762856019, 0.6247949917024365, 0.6938364596596028, 0.2831290473545362, 0.12613003520150562, 0.6549774919806476, 0.6753209453050693]
Roundnesses:
[0.24968323593276515, 0.2536684943938592, 0.21235434634067274, 0.3133368324096982, 0.24553845723649095, 0.342203142561365, 0.32865791453801135, 0.2593547519506085, 0.5193619373778683, 0.22255028387506876, 0.22343474098950694, 0.2661675658084273, 0.24392148997027457, 0.2679088152172546, 0.24114538291670337, 0.22047477069676003, 0.39333008761253113, 0.25123502559477684, 0.34423708369020867, 0.28088596596132054, 0.34505027771753444, 0.35310010327470975, 0.2976499962378417, 0.22235136426889196, 0.2149987766536015, 0.2726887540721451, 0.2961580138376841, 0.2663544793106998, 0.36661435608438664, 0.25383975946703724, 0.3903320567389443, 0.2912110333066631, 0.3066756727131343, 0.264425294711017, 0.3692689996831688, 0.3802360489924534, 0.36290568180868277, 0.22016948364266906, 0.3344447951642911, 0.23710399941118876, 0.34940403683608295, 0.22214020953927555, 0.21424098823455662, 0.6319334061365659, 0.3822292371361324, 0.24397019903412123, 0.269465205504687, 0.2738267624874337, 0.3090710602861627, 0.24449706245759803, 0.270098185264345, 0.26677404903460133, 0.3943582890282606, 0.21039454702504085, 0.37708863761759265, 0.2958066627573888, 0.37049689003908876, 0.3682929679653411, 0.38265247394156726, 0.2738707811929718, 0.25136292382245795, 0.3000402843537355, 0.37730084638905637, 0.3000811355334058, 0.2931452164671868, 0.3562355329052484, 0.6103296695469382, 0.7371953747136636, 0.37960975606971303, 0.2813435436520251]
Eccentricities:
[0.9760201235956412, 0.9802608752968098, 0.9882887004584946, 0.9742293901801473, 0.9801562450488629, 0.9808471990358831, 0.9732757773493305, 0.9811185796435504, 0.8971474224500264, 0.9836763621872128, 0.9877595021914154, 0.9754065830381949, 0.9791693595025088, 0.9787086268574212, 0.9787006490301424, 0.9839210476925272, 0.9737874865130153, 0.9828009809927464, 0.9756977518422734, 0.9738982446408366, 0.984803412989467, 0.9809333710113616, 0.9739730668920895, 0.9854941267428272, 0.9832202759495778, 0.9757906926206532, 0.95300624215341, 0.9737326396943015, 0.9786966461743343, 0.9750626025787649, 0.9716424446466023, 0.983789900540179, 0.969625810125885, 0.985348821361084, 0.9789937975913583, 0.9768649181845227, 0.9774982366126753, 0.976145253099817, 0.9712224453340944, 0.9789190795734439, 0.949399661027888, 0.9842647641140935, 0.9742320768099533, 0.7294645326176092, 0.9744022319909077, 0.9774427345070905, 0.9798466587673402, 0.9790318715741472, 0.98055248609005, 0.9837867901601585, 0.9704161263291008, 0.9793043429763643, 0.9730635913322051, 0.9794114463292745, 0.9733257767261597, 0.9702609534540985, 0.9664466702072749, 0.9780094567975576, 0.9682234361569437, 0.9820311084327465, 0.9691058094366368, 0.9690369792830743, 0.973523034131001, 0.9686795312051948, 0.9729716669643281, 0.9835287909098678, 0.829376781165324, 0.630740491755757, 0.9780275576112053, 0.9810408404923777]
Solidities:
[0.7972854534388314, 0.8348014149300783, 0.7691297244388166, 0.8915769606905586, 0.8262333112580186, 0.9271066729499926, 0.8664696967489034, 0.8511283932296406, 0.8641560074779607, 0.8071629020039942, 0.8090122092651612, 0.8475112778418895, 0.8415987444042162, 0.8401695110059804, 0.7837157992758971, 0.8195348243355394, 0.9294597234119855, 0.8492998190543624, 0.9601291189754054, 0.8446188890272661, 0.9379526266336959, 0.9517957923239576, 0.8370321321776127, 0.7491904363152995, 0.769864021462299, 0.8487570215327003, 0.7802065117828295, 0.819309849557486, 0.9519973676776895, 0.8173210229786732, 0.8952195605747661, 0.9202757901445581, 0.873806647776235, 0.8365656681755028, 0.8619910466851418, 0.8991398474690254, 0.925678486798073, 0.7050906786565678, 0.8511537735791633, 0.8099790123945669, 0.8563906243839142, 0.7624728020670429, 0.7884760042124267, 0.9373503784089576, 0.9018465643675033, 0.7528524799689372, 0.8236992056789146, 0.9046456148275716, 0.8861920382399592, 0.8605269058770271, 0.8773898741273857, 0.8369337700727011, 0.9532791223596209, 0.787094203726639, 0.9356876879143551, 0.8286937283223433, 0.7484959127259826, 0.9207464304047759, 0.8936946863546908, 0.7687840138719146, 0.7236510841678722, 0.898204577380463, 0.9560664234977923, 0.8494558952534926, 0.8563593358097596, 0.958554886949859, 0.9348550119914895, 0.9656700721153846, 0.9273540677372192, 0.8656448463903413]
Curvatures:
[874.699710299111, 870.256059485215, 921.2976900455576, 861.1433611130069, 850.0012254892758, 931.0966799187809, 779.2611101190982, 845.7585848021566, 651.8103166302659, 812.5453813665602, 845.5159441150373, 865.3565645486034, 962.0672426672579, 861.7291475506337, 916.6616510762365, 867.0844866099612, 773.4326829943521, 829.2022356160526, 863.2854967367379, 721.2783540618015, 698.8935777509512, 834.2022356160526, 772.0184694319789, 743.5920625607862, 918.1261171703038, 799.6458864299486, 955.0378054157352, 840.1017305526643, 852.7291475506338, 928.5819612930195, 911.2682527940347, 827.3027406794408, 830.3443712397835, 884.6702730475881, 824.1727983645299, 912.1971849821693, 822.0306627407988, 868.6997102991108, 829.1727983645297, 924.3393206059002, 862.8002153624993, 859.001225489276, 953.2804461028545, 563.0285706997457, 751.6631303726517, 833.1017305526643, 719.7930726875628, 982.6652224137048, 724.1778489984131, 765.462120245875, 867.2854967367377, 848.1433611130069, 795.5748186180831, 1130.3586565896562, 810.6458864299484, 818.7880220536795, 689.8935777509512, 772.3616151824866, 895.5403307326768, 851.0722933011414, 789.6753236814715, 810.7880220536795, 785.8174593052023, 794.7758287448598, 808.8174593052023, 695.4793641885781, 734.0773439350248, 372.52395334175094, 731.0062761231593, 774.2905473706212]
Curvature Stds:
[0.34220397561132576, 0.3366089701024433, 0.3379015063623703, 0.340453218150286, 0.33795894410417937, 0.34013240112539794, 0.33419745061736383, 0.3335671090882463, 0.34115301612874943, 0.3355635242242231, 0.3390963544456531, 0.33604882374194067, 0.34196485527770637, 0.33906551764641557, 0.3408095555096066, 0.3361513176302318, 0.33296147098976725, 0.3351667372699575, 0.33876010939120765, 0.3275967352001302, 0.32108207658820276, 0.3357381417465541, 0.32960993315260895, 0.3426203072839106, 0.34241921729542496, 0.3357248030377333, 0.3459000619927428, 0.3403315320023064, 0.33731675014787726, 0.34053238341264386, 0.3363099478973989, 0.3352924993079467, 0.3391102857208668, 0.336405702963497, 0.33010452783825944, 0.3422414524339794, 0.3314889494558133, 0.3357992652241987, 0.3334384916198094, 0.3407328441739755, 0.3445055229887184, 0.34295664214669586, 0.34069862613764684, 0.3484024482291641, 0.33215356278169006, 0.3380436291660899, 0.3221763165618734, 0.3430283619259883, 0.33157622760987293, 0.33107841491339485, 0.3394054486623639, 0.33877379883244024, 0.3353823523551466, 0.34449501744933486, 0.335796210950616, 0.3366708036166738, 0.34374096581258373, 0.3298379293959826, 0.34189441168730306, 0.33818985347729597, 0.33575867387543684, 0.3338853259446511, 0.33307031750963856, 0.3372586810409571, 0.33776953696695977, 0.3201819857497441, 0.34648046165272034, 0.34317388954080974, 0.3393394077861976, 0.33904963684419404]
BBARs:
[4.038216560509555, 4.713793103448276, 5.420454545454546, 4.003134796238244, 4.220125786163522, 4.433962264150943, 3.968454258675079, 4.531847133757962, 2.1327913279132793, 4.883636363636364, 5.357429718875502, 3.93859649122807, 4.234756097560975, 4.294498381877022, 4.233766233766234, 4.893992932862191, 3.7590361445783134, 4.678200692041522, 4.157894736842105, 3.7218934911242605, 4.855633802816901, 4.512903225806451, 4.071651090342679, 4.914163090128755, 4.9523809523809526, 4.009677419354839, 3.1470588235294117, 3.909375, 4.341935483870968, 3.8338192419825075, 3.6076923076923078, 5.143396226415095, 3.603448275862069, 4.962199312714777, 4.136363636363637, 3.9565217391304346, 4.366666666666666, 3.9492537313432834, 3.820809248554913, 3.9545454545454546, 3.2598870056497176, 4.759124087591241, 3.880813953488372, 1.3972602739726028, 3.8823529411764706, 4.114649681528663, 4.457142857142857, 4.283132530120482, 4.841698841698841, 4.842293906810036, 3.9375, 4.398648648648648, 3.9501557632398754, 4.438235294117647, 4.043613707165109, 3.8283132530120483, 2.834437086092715, 4.394136807817589, 3.4589235127478752, 4.044025157232705, 3.6507462686567163, 4.0157728706624605, 4.009316770186335, 3.7537537537537538, 3.776758409785933, 5.062043795620438, 1.7510917030567685, 1.3178807947019868, 4.54054054054054, 4.355172413793103]
Frechets:
[148.07177313721883, 138.7813027752658, 127.75073385307812, 144.3442066728, 138.86054155158692, 148.07177313721883, 146.0693328525875, 140.58893982102575, 157.38567279139482, 123.56071382118185, 113.92651140099042, 155.82121164976223, 146.3190008167087, 140.33264053669055, 136.03032750089224, 122.83016730429053, 149.15176834352317, 129.05909499140307, 149.43978720541594, 146.609174337761, 133.23756977669623, 141.40456145400685, 147.1640241363357, 114.48253141855311, 125.5, 137.86315678962237, 166.60207081546136, 140.55692796870596, 142.78392766694716, 147.1334428333681, 171.87568181682946, 125.176874861134, 155.04596092771976, 140.0151777486998, 142.37714001903535, 151.9514725167216, 136.50366295451562, 143.287298809071, 161.60522887580092, 132.0842534142507, 167.36561773554328, 123.00914600142544, 147.85888542796474, 157.66499294389988, 140.0151777486998, 127.96581574780039, 137.09576944603361, 142.21198964925566, 121.52057438968926, 128.25852798157322, 146.02482665629157, 137.43452986786107, 146.5307135040296, 146.6023533235398, 142.33850498020556, 144.38923090036874, 107.55115062146011, 136.94250618416476, 153.52931316201477, 131.5, 136.14055237143708, 140.30413393767128, 148.53029993910334, 157.42061491431164, 147.22516768541988, 128.53501468471538, 221.40742986629874, 146.36341756053662, 270.1689286354003, 135.94576124322523]
RGB Y:
[0.13862716953290777, 0.14906055896988243, 0.1548504776903005, 0.14352038223157434, 0.12522932656215002, 0.16099521053475463, 0.20900794102020373, 0.1697883202149375, 0.15950170872856584, 0.12466562605500439, 0.13877008298467233, 0.15696411621264952, 0.13451405522192442, 0.20209306609065483, 0.12832851658517613, 0.1303517370235432, 0.1333388050854308, 0.12236947386910475, 0.09899370641987017, 0.14570923702218933, 0.09814005027388652, 0.1113483022194236, 0.16427754927088925, 0.10712791973792356, 0.13392003256614687, 0.14272777603103154, 0.14576817646795506, 0.13561886572482448, 0.09319907390166678, 0.18150756624320216, 0.10289774968317901, 0.11982911929278615, 0.17582217552411775, 0.11678413527394592, 0.08425902387878131, 0.15935950886741043, 0.08748947545960319, 0.15501539686368146, 0.11739641221310519, 0.16263065398057766, 0.19707796200071404, 0.12405302146623286, 0.14725339871981477, 0.18229457906435356, 0.08598460914792684, 0.10960645344444074, 0.09800119205079637, 0.11324540363640626, 0.1365739668618267, 0.12743335510231713, 0.09873203474838398, 0.1055759588982176, 0.11597211523264311, 0.12887026360156434, 0.10743701156893536, 0.10636177313618572, 0.19035499141511292, 0.10629404827928864, 0.08801256622463705, 0.10918069026767376, 0.10555053378392769, 0.09559385957783124, 0.11633470816494285, 0.09147589489411456, 0.11670202344932963, 0.07762288638184013, 0.0941459457496055, 0.06171176330168627, 0.12152189832276704, 0.10702485138337761]
CIE Y:
[39.79494114130311, 40.90544238572807, 41.543070647425964, 39.81066673413981, 37.88960487936381, 37.782891858852174, 51.696580547495955, 40.0592851736737, 43.064594142415274, 41.99427700203898, 35.81103448507277, 42.39697223971313, 36.6687039547561, 44.043293321539366, 36.800053183825014, 38.80792964178587, 35.46316203700266, 37.13064475549028, 33.245771081609234, 38.26620255317146, 31.04131064950196, 32.291433915492796, 46.84788574999214, 34.126916843693294, 38.37798654729489, 39.040058519348655, 42.82764435466316, 42.497143085409114, 27.976451818050258, 41.147290744266215, 29.526954215469303, 33.00057719077532, 44.84460203865624, 34.419299600782765, 25.548227784746473, 38.20314882382082, 29.830015591218398, 40.10294185226388, 33.40787124186584, 38.89491244662402, 45.34383813566703, 35.73387441252363, 35.60914095478223, 52.76018906111385, 28.468329251599915, 34.931147550861965, 33.83021922379592, 33.100399923301545, 41.66500396489962, 35.43140124801672, 32.38920114476476, 31.895547031719207, 32.42683189786878, 34.63988435551043, 31.924243388363468, 36.93925689793322, 49.337503186842916, 30.97439700034042, 27.34852505260756, 34.52126376497785, 37.20556751918007, 31.540725365912223, 34.74676845852568, 33.37691612600768, 36.40415135150032, 27.222702494630745, 31.678233115522062, 31.770100776134058, 33.32997330390102, 36.14861405292722]
lab b Y:
[18.391822870941013, 20.075193569662915, 20.509879181499418, 18.55675515533774, 16.867578276041723, 20.544706589856204, 27.391929528126298, 22.034034412110294, 21.25757862500351, 17.397756226712453, 18.262199814791337, 20.840622817681048, 17.63248489001239, 26.030436626804523, 17.29891718000688, 17.541450566714825, 17.621323274811896, 16.467645536048, 13.48821827261159, 19.041139778499144, 13.218738304600777, 14.461461235191246, 21.730276094971853, 14.475710122091558, 17.991728985089004, 18.851278630816378, 19.770101771004377, 18.39187686874129, 12.525424766065262, 23.288293406276974, 13.717674749402924, 15.68460893960081, 23.206524008460587, 15.636200706381965, 11.340334751974567, 20.688828817816717, 12.041151182577593, 19.989403853376533, 15.620960347213812, 21.180566497318676, 25.514264374830475, 16.729998192726438, 18.865480212856124, 23.928701528043543, 11.236385129029179, 14.469885206572275, 13.489065935423486, 15.034280637712635, 18.444077763720983, 16.56166911231124, 13.014788320749751, 13.708637077534004, 15.100887709385447, 16.750801705407838, 14.098263732955086, 14.584319640000697, 24.836155553148927, 14.001334209127934, 11.620663793876322, 14.635006667465584, 14.22109879230218, 12.91912399584211, 15.467730825548102, 12.439008873023576, 15.565300540438235, 10.448912463077539, 12.576861803647287, 8.532016929261102, 15.757647454949684, 14.280049256350733]
HSV Y:
[0.1548608996060976, 0.18083237471069455, 0.18054054682182277, 0.16836948000407834, 0.1429296024898084, 0.1804442200679979, 0.22566130603916942, 0.18431396772895287, 0.16687621454049142, 0.14699327296072945, 0.18191996834890306, 0.17545846039830928, 0.17176677185299538, 0.21544237378892453, 0.16608253448477073, 0.14915712549359858, 0.15436729194047286, 0.16390315307339073, 0.11838229090457916, 0.16642002216958776, 0.12384806538721216, 0.1487067206423105, 0.18386798136691598, 0.15317135890403186, 0.17180766326668673, 0.16393804616518212, 0.17408166129927377, 0.15337380115497962, 0.1249237291840452, 0.2062268546499489, 0.15340249186048216, 0.15158681917704303, 0.18585729173244336, 0.138975586341024, 0.12833367764245127, 0.1936256431829057, 0.11324156127009417, 0.1981691260605115, 0.13764492819714108, 0.18087999462432977, 0.2090176953214636, 0.15655757775474105, 0.19476106501962662, 0.19844155661782067, 0.10609178664602584, 0.14038822448409993, 0.12048035221535887, 0.15208599314787188, 0.15159175281858134, 0.16180444922492027, 0.1307658426054723, 0.14622142211559896, 0.14188904099428798, 0.17122799580531245, 0.12893708739066434, 0.12322125017202464, 0.21247762609314072, 0.12602424440008256, 0.12244595014657655, 0.13226868727954938, 0.1353123203501874, 0.11877166279600156, 0.13714528258510317, 0.11110537288275214, 0.13847762791912585, 0.10109582539143695, 0.128650901768802, 0.07385169216967392, 0.14901696210599405, 0.1360485435326394]
RGB Y binary:
[0.14762535179029193, 0.17539683190050187, 0.16145279262680373, 0.14604509803018592, 0.13719913389843905, 0.1643829433822658, 0.21668433761292566, 0.17511844290051265, 0.1576676740924504, 0.1593199919142915, 0.15908044529139254, 0.16060411857476173, 0.14757001532497052, 0.2061811533556512, 0.15794995844985574, 0.1408756853425992, 0.13917354901706647, 0.12929467475795553, 0.10178939130724357, 0.1607734300163771, 0.09916731344271369, 0.11550685653195578, 0.1702312411352438, 0.10776995178921674, 0.14488374033547358, 0.1577038862509309, 0.15787353386059927, 0.15188520993826846, 0.09435983157208641, 0.18823299445328495, 0.1011606734401247, 0.1302478172267439, 0.1747202811179795, 0.11930204405476155, 0.08794119991292845, 0.16127545550052166, 0.07352202458222985, 0.17784037354709226, 0.12020335789509101, 0.16874472218050576, 0.2012153411824722, 0.13631118032694153, 0.18646431297591493, 0.18124181799655417, 0.08667635132134631, 0.12169029040813391, 0.10840468305218037, 0.15961876509840583, 0.14890181812965397, 0.13767857382440146, 0.10392177798269961, 0.1295872682585809, 0.12127294875319461, 0.1529014249897056, 0.1127831739396817, 0.11909894555234757, 0.21400927211078025, 0.11373166127070886, 0.08885779579538665, 0.11607707027668643, 0.12112770788734765, 0.10512630980730246, 0.11803383737976686, 0.08517839432253907, 0.13275977545185502, 0.07368568210754936, 0.07661328703063831, 0.059743403534253205, 0.13138605230770367, 0.11137525349873514]
CIE Y binary:
[40.22422670530738, 46.27598606964609, 41.928758862248095, 39.282141557158404, 38.738625192636846, 39.10251719528043, 52.7357207751126, 41.804119912498145, 42.46908458912726, 43.384153215028405, 39.40610348826184, 43.13418751103904, 39.86918476140931, 44.25513244667225, 44.216039299402375, 39.10455675771625, 35.579647855808304, 37.18950461429918, 32.4589132337211, 40.08998570797109, 30.071001553289292, 33.054229097365315, 45.91300158930188, 33.446117506184336, 40.89116252913351, 40.42566642985133, 46.33861021199189, 43.91253309950278, 27.5547588192035, 42.04553878223592, 28.89782454821031, 34.996536256626925, 44.2487186530589, 33.48083835583046, 26.19484088316094, 38.11167510264789, 25.330268871890606, 43.58287149564815, 33.32431783868296, 39.55596819962371, 46.02738148245369, 39.50450904906781, 43.89741631196882, 51.333121375565945, 27.646189789716246, 36.20634731856265, 35.01202953176826, 44.56492631840157, 43.15390006460674, 36.57981021421617, 32.17340530551241, 36.80537518856829, 32.66561923980415, 39.885015570794614, 32.23518774968375, 36.09711767990529, 49.75025345932955, 31.350243807391077, 26.20163337343715, 34.91824567433431, 38.624895595866974, 31.896640817298408, 33.29155585421214, 28.648222351488137, 38.19369522224386, 25.164444708395074, 26.333618214485558, 24.82291403482742, 35.05979192507471, 34.857788342854924]
lab b Y binary:
[19.503767572205472, 23.539847044879547, 21.346038852112926, 18.812208611560877, 18.33948578474387, 21.002469122897814, 28.32890384937745, 22.7598220255276, 20.984652808546908, 21.68580746118397, 20.99640464211641, 21.28240877593743, 19.35322096305744, 26.54618660359644, 21.350945356227303, 18.805420544756615, 18.31339606259599, 17.309955605633363, 13.768688300515922, 20.94857157602575, 13.318845130425947, 14.940634470189966, 22.324688285069985, 14.419388939965344, 19.440922316063613, 20.74925825279769, 21.296486013387884, 20.4455462259729, 12.655117925295668, 24.1723603427741, 13.487717093517146, 17.10982695725427, 23.05114467457806, 15.897954514585887, 11.858031559549058, 20.933607008977496, 9.991753287900902, 22.830220122486153, 15.964902700325704, 22.001593552223632, 26.060421415860457, 18.4082875554779, 23.990296790491463, 23.719443019837446, 11.279716037847946, 16.06013463815658, 14.786349667879913, 21.160130326343673, 20.056442622434595, 17.865424861392174, 13.599531072883114, 16.95145723863055, 15.786699011735204, 19.923991568981865, 14.817821012732153, 15.934075008978791, 27.672939719597252, 14.92522938605323, 11.69775510073232, 15.484916277409761, 16.21176005707695, 14.085137646611923, 15.607539045168968, 11.406114082831683, 17.60885880039506, 9.893490925382443, 10.21083551911273, 7.728008360657439, 17.062095625580458, 14.7207815278019]
HSV Y binary:
[0.1567556791873857, 0.19178693583563622, 0.18030336935806804, 0.16751590180451625, 0.14714291053142983, 0.18056619391363074, 0.22544985588726554, 0.1847090294535209, 0.16476578203028278, 0.17074915339126112, 0.1866276146240208, 0.17205001181553262, 0.16977869097756984, 0.2167505586116792, 0.16993792974641878, 0.1498709681848422, 0.15852126388542306, 0.15913840208363333, 0.11209088826233458, 0.1748218035671674, 0.11797644484793716, 0.14726414211616964, 0.18453244492750195, 0.13987092233399875, 0.16458329092393673, 0.16911870319072536, 0.1719036254443645, 0.1620126265605479, 0.12317276197409244, 0.2076735371628648, 0.15086499669393638, 0.1506078347167938, 0.18265137673872572, 0.13470282385981835, 0.1275935664632236, 0.19390419896473354, 0.08969906250520598, 0.2019297170953271, 0.1371427651448241, 0.18211006826946166, 0.2100063086811706, 0.15281401014153126, 0.2071200294145562, 0.19619014514849992, 0.1042570761773682, 0.135669256644436, 0.11482943704368555, 0.1734688820557651, 0.158668369338031, 0.1612462945862831, 0.11881195942861289, 0.15021805580804343, 0.14280804870500605, 0.17383802794589015, 0.1276192085325847, 0.1315644894699719, 0.22426130482358853, 0.1288850282971984, 0.1196247895743932, 0.1261557189371664, 0.13254493937086403, 0.12313267864216651, 0.1324348430474191, 0.09650316331755722, 0.1448618096191554, 0.08760451587635237, 0.10757309529117548, 0.07660738714090287, 0.14943665296551936, 0.12901680630077003]
area/perimeter:
[62.19491669600277, 67.51718750929325, 59.474954755677594, 78.19575261107755, 63.89879144378165, 93.15838783918377, 78.58471835897932, 70.56046462427227, 91.70029112354679, 57.34356525182131, 55.8397051493391, 70.15565171846261, 67.38266879310306, 69.2144656966685, 62.095043502330284, 57.83604905822597, 93.13419277562477, 65.41625468795716, 86.62651199351006, 68.27014455306583, 86.85531810426087, 93.47141034094489, 74.74443070383813, 47.29078012051494, 57.10639747828324, 66.09471732201622, 72.50104999385114, 64.947838559032, 94.30182687533393, 66.62198880273529, 108.74529129589119, 76.45334468470008, 74.98641065938331, 71.87013020598536, 97.2153045180233, 95.95832942714209, 93.87810054154066, 56.939631774562116, 85.98204606687446, 61.8316764476519, 81.2100842727073, 56.03185853801122, 60.96597799991333, 82.35164955486958, 91.18656529262353, 59.82613114601508, 70.12732393572921, 74.44699583797494, 70.73509494673995, 62.61914459041035, 74.43369176051417, 66.40116466969606, 96.2826435029306, 65.02687336523111, 94.19768949604286, 73.22842892446873, 66.62708423143305, 91.9973541879539, 95.8156979756393, 69.07762823184952, 59.89646767323316, 77.16880648200274, 94.42679454906714, 74.51819307318533, 70.66316336084955, 90.42450908397358, 109.60174378897223, 72.35541123398664, 96.01433816683956, 65.42792799693183]
Convexities:
[0.9330160704817169, 0.9366690981469201, 0.9178471909597959, 0.9205656038409393, 0.9401658412120187, 0.9507788987963423, 0.9603818381040493, 0.943464263051815, 0.9282500208902237, 0.9442218757360714, 0.9468963121708845, 0.9459594081499347, 0.9175091625627498, 0.9335869936131881, 0.9147526334012458, 0.9578695959308468, 0.9667867393509575, 0.9359891938475579, 0.9616170164406825, 0.9482452882884888, 0.9754437959336835, 0.9631096525673262, 0.9486167803564903, 0.9616692428703241, 0.9139539028019307, 0.9326828888535521, 0.8973067033311872, 0.9374892064043262, 0.9619043837997477, 0.9252991635952298, 0.9450822317212579, 0.931827915287225, 0.9627361321813176, 0.9471868481190875, 0.9575992635979931, 0.94204562807939, 0.9153879703273412, 0.9293345153718795, 0.9437391396661766, 0.9229917983688648, 0.9340223684535814, 0.9291607837363098, 0.8697937197139008, 0.9190968024319206, 0.9631970181204791, 0.9471789210814509, 0.9590060082202242, 0.9539815822003469, 0.9711577774828635, 0.9566130134134256, 0.8879505653891339, 0.9576403876342736, 0.9607556514349095, 0.8864956442063785, 0.9479499539007542, 0.9428641623711841, 0.9340762017322769, 0.9688974959957624, 0.9212013177727688, 0.9274281635821041, 0.934435060067398, 0.9226638646912606, 0.9641174077557007, 0.9324563428812159, 0.9339695740820334, 0.9640880879345018, 0.9378647351992255, 0.9676709688349613, 0.9570212074765089, 0.9734609609962254]
Mean curvatures:
[0.251857100575615, 0.2420740082017288, 0.2372033187552929, 0.24547986348717415, 0.23709936554791516, 0.24710633755806286, 0.2319229494402078, 0.22553562261390844, 0.252541773200413, 0.23416293411140063, 0.2388463118969032, 0.23865321691908534, 0.24827541746251816, 0.2407064657962664, 0.2494317417894521, 0.24288080857421884, 0.22964153295556775, 0.22969591014295085, 0.244834230498224, 0.21511433166173619, 0.20187567237173634, 0.22968123227314222, 0.2211453650621538, 0.2516385998513659, 0.2527184467851098, 0.2355363435728862, 0.2717808211200157, 0.2437196781411849, 0.2387259651597519, 0.2524006418301222, 0.2413316347441829, 0.22753100678752497, 0.24522869794441332, 0.2371134476139341, 0.2235347974951261, 0.25724680907562586, 0.2233778974839127, 0.23497422512824204, 0.23058197952295043, 0.2530356749537093, 0.2602715581787328, 0.24855359533833216, 0.25502419638920665, 0.2897728104476303, 0.22245135554088538, 0.2395347126373388, 0.2013407196328847, 0.25893681750031744, 0.22715741812999155, 0.22187307833213768, 0.2453424318915807, 0.245128139050002, 0.2335118340528568, 0.2586633081440861, 0.23207726493843356, 0.2365755625696849, 0.2681280908476297, 0.2198581312788177, 0.2607104310721039, 0.23980622521869296, 0.23308008373124894, 0.23165372058676556, 0.23207839908600186, 0.23205133685981308, 0.23705083801442037, 0.20054191585599138, 0.2757615867524511, 0.26608853810125066, 0.2475469949621264, 0.24091180689813976]
Max curvatures:
[1.0, 1.0, 1.0, 1.0, 1.0, 1.0, 1.0, 1.0, 1.0, 1.0, 1.0, 1.0, 1.0, 1.0, 1.0, 1.0, 1.0, 1.0, 1.0, 1.0, 1.0, 1.0, 1.0, 1.0, 1.0, 1.0, 1.0, 1.0, 1.0, 1.0, 1.0, 1.0, 1.0, 1.0, 1.0, 1.0, 1.0, 1.0, 1.0, 1.0, 1.0, 1.0, 1.0, 1.0, 1.0, 1.0, 1.0, 1.0, 1.0, 1.0, 1.0, 1.0, 1.0, 1.0, 1.0, 1.0, 1.0, 1.0, 1.0, 1.0, 1.0, 1.0, 1.0, 1.0, 1.0, 1.0, 1.0, 1.0, 1.0, 1.0]
Skewness curvatures:
[0.6400202404358255, 0.6769387174591944, 0.7423375115129978, 0.6843694805685296, 0.7440611446997465, 0.6645842571496298, 0.7583896821019485, 0.8229809195527071, 0.6220858637630093, 0.7492188198028973, 0.7379207929994337, 0.7065176492808342, 0.6725584199400543, 0.7182244243899405, 0.6488040971078987, 0.6633747668070268, 0.7697098126471634, 0.7938564442684573, 0.6725233465517272, 0.8783319255419093, 0.9713093779595261, 0.8002850685152577, 0.8289697283005254, 0.6465533845132478, 0.6339729464498213, 0.7361736312503921, 0.49627630575563136, 0.7008785169540303, 0.7198618836290652, 0.6166940497155812, 0.6812946526707776, 0.819398974669873, 0.672360468614747, 0.7268670435318076, 0.8066043321248471, 0.5888165845822824, 0.8244280922581904, 0.7430652753884514, 0.7646431266845152, 0.6127185232989658, 0.5846996091036494, 0.6802077587713139, 0.5931555182252566, 0.3737263563736581, 0.8427433319441784, 0.7193411584452089, 0.9918626086696519, 0.5814110286271005, 0.7818720994184684, 0.837330376880476, 0.674432596806581, 0.6696876137102482, 0.7542767019078495, 0.5995070234641704, 0.7745288450196232, 0.7355412933412898, 0.5052378398857058, 0.8469245215364706, 0.5525729111297615, 0.7180977896926344, 0.7631599576002599, 0.7578280932525807, 0.7438075718055476, 0.7907173825102103, 0.7425206877943153, 0.9784052105207399, 0.46819790252431137, 0.517338944889477, 0.6515202535768857, 0.7159259706529079]
Kurtosis curvatures:
[-1.5406588600896407, -1.5252795829419314, -1.391388146647778, -1.478158715555174, -1.387611867840845, -1.5159010613312758, -1.3911561072357577, -1.2635174495448576, -1.579737236581787, -1.397464051882275, -1.3903397909899207, -1.4754755721201398, -1.4868076311672505, -1.4276413774853407, -1.537517950858407, -1.554316841602078, -1.379299587442376, -1.3112189815817952, -1.5137403035522525, -1.1920597582796442, -1.0270661970769632, -1.2935331351576147, -1.2844316167701542, -1.5262058785706694, -1.5490024739128452, -1.4215646122918661, -1.7270990658434877, -1.4493900337224124, -1.4391004163245409, -1.5942952613079837, -1.5200861182757006, -1.2574902727315775, -1.5109613885659805, -1.433598041760139, -1.3282553294522574, -1.6241379540980372, -1.2777151059184488, -1.4074966917024676, -1.3853113521982467, -1.5990651467151846, -1.6107893906659898, -1.4657323072853365, -1.6313967101290763, -1.8514105303906774, -1.23265917258669, -1.4339487830557605, -0.9653187312143805, -1.6287512376602522, -1.3668630887169664, -1.253348383466857, -1.5047060754558723, -1.518687424590607, -1.3890427825218319, -1.587712260832243, -1.345257623146544, -1.4146483361041369, -1.7352644693126278, -1.243004294914574, -1.6838052209395395, -1.4350661055280791, -1.3682572635262966, -1.39504881622527, -1.430526645611653, -1.3012668263916667, -1.39210186089594, -1.0174265977470593, -1.7588805238897987, -1.7235946107239548, -1.545709487983618, -1.4320520948541986]
RMS curvatures:
[0.42489476348215016, 0.4146147901369152, 0.41284723861312683, 0.419724620586603, 0.4128345395473055, 0.42041835397219274, 0.4067876478903834, 0.4026578365477733, 0.4244558017331741, 0.40918841442719384, 0.41476969308892947, 0.4121700739793829, 0.4225880324397395, 0.4158185035961735, 0.42233558568841384, 0.41471531864425665, 0.404473206556198, 0.4063212434867112, 0.4179739371520675, 0.39191044461721064, 0.379272312463925, 0.40678442482712923, 0.396923141831439, 0.4251007644058961, 0.42557905695497966, 0.41010792789021944, 0.4398996108378062, 0.41859865406888214, 0.41324650799707985, 0.4238730802362348, 0.41393881067502103, 0.40520540364352764, 0.4184888292143534, 0.4115720884920774, 0.39866879109168707, 0.42814148659492374, 0.3997281685041125, 0.40984635291744337, 0.40540014427034443, 0.4244124455033876, 0.4317700074883801, 0.4235541856104696, 0.42557360655477766, 0.45315841336865154, 0.39976317345466866, 0.41430710080571076, 0.3799153383790452, 0.4297868454743811, 0.40192447963203, 0.398548089582857, 0.418794660267028, 0.4181572566983381, 0.40866746740351206, 0.4307940622007922, 0.40818984822027915, 0.4114793151703496, 0.4359478462836611, 0.3963970957986992, 0.4299554832919443, 0.41458340855445897, 0.4087299995287329, 0.4063777271736939, 0.4059510065614976, 0.40937909188906124, 0.4126516205059825, 0.37780095819603327, 0.44282407684690295, 0.4342481186734476, 0.42003660363290524, 0.4159244582218103]
Norm curvatures:
[0.2864120014500959, 0.2728533702095434, 0.26884170996152285, 0.2797330504530932, 0.26813143747552093, 0.28097179509632214, 0.26235270516005477, 0.25408471856211473, 0.29961895624339363, 0.26358890638283683, 0.27229253551145394, 0.2704271641977068, 0.28450091983108805, 0.27434216507953063, 0.28763712764837956, 0.2746677112974942, 0.2631064786635545, 0.2574469648067356, 0.279062700345342, 0.2412119364795864, 0.224995481495101, 0.2588319293419723, 0.24734690686849037, 0.2854997232996969, 0.28999958705462003, 0.26848762225653794, 0.31927108432440987, 0.27814476019511053, 0.2701497130071663, 0.28952406920993917, 0.2739878156126372, 0.25641955332784827, 0.2803589261047279, 0.26701685185059015, 0.25071251892698876, 0.29671989859795556, 0.2545492000597106, 0.2692438706336878, 0.2644057654937034, 0.29130763406116095, 0.30382903634360114, 0.28306453716654184, 0.29285386441850897, 0.3519901875454584, 0.2543941128068567, 0.27333978840582074, 0.22416092580891, 0.2973695672554451, 0.25442646572622724, 0.24770989898891813, 0.2798066026320964, 0.2778865394338662, 0.2657884605817289, 0.29742805148275253, 0.2641138403028637, 0.2696811872135728, 0.313716802017286, 0.24859730871875121, 0.29949012870927205, 0.2743218359875767, 0.2666055159171521, 0.26072914250075097, 0.26267515535033836, 0.2626569825329733, 0.2702371726931129, 0.2226684001874078, 0.33064380664435944, 0.31456290191171743, 0.2832420063324406, 0.2725720162464207]
Radius of curvatures:
[1.4044076902842628, 1.411175321084295, 1.402636164667015, 1.4035574458307167, 1.4023589654701614, 1.4059673505647488, 1.4077828495325995, 1.4022987898513646, 1.4078827874023276, 1.4062199673097546, 1.4008744815509107, 1.4094524869435194, 1.401885777778658, 1.402869954440886, 1.4061611991854377, 1.4131991618121815, 1.4088836084455, 1.4024197335911175, 1.4077254686508454, 1.4072622982463998, 1.4087356617516809, 1.4006911264880626, 1.4088737926924106, 1.4030616587707427, 1.4045507265479065, 1.4072054967585903, 1.4092824485353201, 1.4022175988972132, 1.4059015845328322, 1.4094597724453244, 1.4113124557105599, 1.3994843723841124, 1.4071086985245, 1.4068764461313816, 1.4102890583368297, 1.4087251519597337, 1.405950846037812, 1.4063982121396403, 1.408529671294219, 1.409437848740815, 1.4049631354218348, 1.3993337100906864, 1.4111316162244858, 1.412650492326404, 1.4027842633161782, 1.404630215171661, 1.4043513346975456, 1.4079148767758214, 1.4101526450949275, 1.405334800085508, 1.406385368507375, 1.407958659585582, 1.406048062039575, 1.403740400239768, 1.4032555316224842, 1.4055540453896855, 1.4125124799814195, 1.406571245724145, 1.4122473587542357, 1.404483713592519, 1.4044761730225521, 1.4084000386906654, 1.411222850731412, 1.3988723193222397, 1.4028602286564142, 1.409559477402611, 1.4102076285010152, 1.412638605862171, 1.4085725216403877, 1.4031219711368812]
Pigmentations:
[20.163531040139436, 36.55550939960934, 13.353952775749244, 11.428221809801562, 29.51323115779806, 1.9359761841956513, 13.355885644521315, 3.699155794320798, 3.921433900035337, 67.30907149674573, 18.961639456558967, 12.816096655715683, 20.621089302986466, 3.7147736976942785, 36.65854545635722, 30.399785772793145, 13.653692031104468, 37.40345233865086, 34.162214702808576, 17.749229484114412, 20.54805984921259, 15.2887856720105, 22.76853989705353, 45.532079707223765, 28.561752444159744, 23.08254018717587, 61.13254845785398, 42.157384089016425, 13.794901905471054, 5.231655043297241, 3.2040073720523603, 14.992513843448227, 4.849131851774702, 19.61695759785033, 9.113205672701984, 3.4240160882752093, 38.94440769870531, 29.78407316770119, 10.916604921841842, 5.582256909284003, 3.066419420094403, 26.290060361267532, 26.026259009319194, 15.920331802958724, 13.92839770761483, 34.42552776453249, 60.66562975161963, 53.338337236902085, 27.445776381946594, 17.35075552380669, 38.34933787655851, 30.375239660367022, 12.350790644408228, 26.544487492530344, 16.098936055011098, 54.65690043807423, 27.574462445747606, 18.08864141149892, 16.67711099837864, 34.38017360444164, 65.88654654821912, 35.43221000780922, 21.3252809366799, 40.029135225260845, 33.5094297281882, 27.08797897022053, 27.685378384595825, 93.38353773162653, 14.569013012907964, 44.58523240455046]
