Filenames:
['B5CD1P1-01.png', 'B5CD1P1-02.png', 'B5CD1P1-03.png', 'B5CD1P1-04.png', 'B5CD1P1-05.png', 'B5CD1P1-07.png', 'B5CD1P1-08.png', 'B5CD1P1-09.png', 'B5CD1P1-10.png', 'B5CD1P1-11.png', 'B5CD1P1-15.png', 'B5CD1P1-17.png', 'B5CD1P1-18.png', 'B5CD1P1-21.png', 'B5CD1P1-22.png', 'B5CD1P1-24.png', 'B5CD1P2-01.png', 'B5CD1P2-02.png', 'B5CD1P2-03.png', 'B5CD1P2-04.png', 'B5CD1P2-05.png', 'B5CD1P2-06.png', 'B5CD1P2-07.png', 'B5CD1P2-08.png', 'B5CD1P2-10.png', 'B5CD1P2-11.png', 'B5CD1P2-12.png', 'B5CD1P2-13.png', 'B5CD1P2-16.png', 'B5CD1P2-18.png', 'B5CD1P2-19.png', 'B5CD1P2-20.png', 'B5CD1P2-21.png', 'B5CD1P2-22.png', 'B5CD1P2-23.png', 'B5CD1P2-24.png']
Areas:
[158303, 145309, 162153, 133426, 168930, 139000, 181660, 168639, 172139, 131112, 166056, 180498, 152271, 145313, 171772, 172637, 171869, 165312, 169959, 153700, 147418, 147921, 131014, 178404, 174245, 194975, 135722, 187200, 167702, 175109, 188898, 185453, 129359, 158717, 160934, 156379]
Perimeters:
[1644.6824663564078, 1625.0621920333745, 1642.95454429505, 1403.734198184517, 1656.370849898476, 1517.3759005323595, 1656.1433611130067, 1727.8246019801388, 1684.8195513462554, 1479.859089865545, 1684.5819612930193, 1721.653029104885, 1520.9474016201134, 1569.322076663197, 1752.7901140947324, 1720.1748904055828, 1715.3931444750624, 1689.1576464628797, 1695.0499987245548, 1708.96673760387, 1503.290547370621, 1547.4448763031717, 1572.256059485215, 1691.5992052357226, 1727.464212286928, 1810.5230867899736, 1518.290547370621, 1784.6479784710016, 1702.481456229631, 1788.275395468971, 1779.8906191581207, 1769.0083681642122, 1807.5769106591363, 1753.3809511662425, 1646.084486609961, 1616.4398256692884]
Minor axes:
[420.63414716526, 363.96904711289926, 447.157935845856, 393.8953593635987, 446.94545755547045, 410.29205500182525, 451.0803670256132, 436.544563283582, 460.33217216640685, 367.59665531284537, 430.1453898882974, 452.8725775036151, 415.7914467057744, 396.8337135991071, 438.7381040236554, 448.8012008529917, 460.6525800226618, 406.0360041380719, 450.0805452923662, 409.8853757221907, 405.4490836636585, 384.9664531553799, 350.65441552214094, 447.1475328833705, 424.33509816401124, 489.1891978574844, 363.94030971253846, 479.81792609954425, 428.44746002570565, 418.9516771313139, 477.77539422597266, 462.57113431498857, 368.50145235787767, 376.2771387640198, 440.8265819812959, 421.37861712377287]
Major axes:
[481.09534150271486, 519.448391870644, 463.06151460343915, 431.7991181727645, 482.3003756483545, 431.55043668634977, 513.4086931177795, 493.6822660277657, 476.26726414488576, 454.2560315711841, 497.00675744332796, 507.62456560877314, 467.4972930704792, 469.04992782570014, 508.9665706041981, 491.4203720566928, 475.3325246462194, 520.0229819759425, 481.0451361919141, 488.6025902252433, 464.62919122074896, 489.9602833378425, 488.7020941531823, 508.8100745447947, 523.7153820432295, 507.64507066860676, 483.05572575878824, 497.45147082178323, 500.338838163373, 541.4690320513017, 503.5767844657097, 510.71866114185224, 541.6333732747441, 550.0990696362916, 465.69884944366737, 472.84345502733134]
Convex hull areas:
[160751, 150728, 164299, 134602, 170496, 140183, 183182, 171412, 173323, 132164, 170893, 181749, 153920, 147373, 177375, 174608, 173305, 167820, 171487, 160308, 149313, 149389, 137097, 180392, 175918, 196798, 140667, 188924, 169281, 180708, 190535, 186886, 156617, 166903, 162914, 157526]
Elongations:
[0.06743487274203816, 0.17671908604108433, 0.017569490430132905, 0.04600989440305722, 0.03819683554406836, 0.02537397957151548, 0.06479765332391206, 0.061732919514716406, 0.0170106033328442, 0.10574766435720372, 0.0724404549438742, 0.05709427944349478, 0.0587747091662308, 0.08367957559645735, 0.07443944310479791, 0.04550218444296444, 0.015733211530938467, 0.1234016205881842, 0.033349032039862815, 0.08797547174398869, 0.06829660482456062, 0.12029863721039286, 0.16521546337947673, 0.06469269348780603, 0.10506428980281272, 0.018661088468148068, 0.14115746749842464, 0.018159179688990376, 0.0775417304945263, 0.12808846738384846, 0.02636489294088221, 0.049633979911623015, 0.19103779250534955, 0.1883864501817989, 0.027442668452247215, 0.05777678215705152]
Roundnesses:
[0.8239852515040207, 0.7678836177930466, 0.8509128068984505, 0.86503337088576, 0.846420340166034, 0.8373941393004366, 0.8504112144780178, 0.7990665063156207, 0.8547770763854423, 0.8332541574197728, 0.8194893033706145, 0.8415195252224643, 0.8427482276883609, 0.840235135964309, 0.7837264813815864, 0.8264737929430379, 0.8431628254347826, 0.7936052799513948, 0.827715256818531, 0.7507717371099226, 0.8105661973327242, 0.8001519972580361, 0.7662777151071115, 0.8171582891304977, 0.8249300016257153, 0.8313018215575412, 0.771821746471072, 0.8232405222379618, 0.8485587317152684, 0.8000401551946885, 0.8502513876469662, 0.8405616282675562, 0.5700494293816106, 0.7263603203070094, 0.8348573477151073, 0.8547823804985081]
Eccentricities:
[0.4865538124201764, 0.7144945598224094, 0.260522658584182, 0.41012837880182296, 0.3764991389215997, 0.3107005315457316, 0.47812620751679585, 0.46802938489031415, 0.2564864186537062, 0.5881787863908505, 0.5019348981283223, 0.45207716541802007, 0.45795381497454674, 0.5338740872435792, 0.5078665509339697, 0.40805732135796, 0.24697843461381486, 0.6253964061072268, 0.353447224104393, 0.5452450021875214, 0.48925773985913745, 0.6191937182310372, 0.6976684803221496, 0.47778591054116415, 0.5866377622562786, 0.26820617007490716, 0.6584705381742311, 0.2647051723460763, 0.5168489541611888, 0.6345149380029161, 0.31640345215019855, 0.42450388015139756, 0.7339459849612988, 0.7304611717350104, 0.32246721553482177, 0.4544777651775433]
Solidities:
[0.984771478871049, 0.9640478212409108, 0.9869384475864126, 0.9912631313056269, 0.9908150337837838, 0.9915610309381309, 0.9916913233833019, 0.9838226028516089, 0.9931688235260179, 0.9920401924881208, 0.9716957394392983, 0.9931168809732103, 0.9892866424116424, 0.9860218628921172, 0.9684115574348132, 0.9887118574177587, 0.9917140301780099, 0.9850554165176976, 0.9910897035926921, 0.958779349751728, 0.9873085397788538, 0.990173305932833, 0.9556299554330145, 0.9889795556343962, 0.9904898873338714, 0.9907366944786025, 0.9648460548671686, 0.9908746374203383, 0.9906723140813204, 0.9690163136109082, 0.9914084026556801, 0.9923322239226052, 0.8259575908107039, 0.9509535478691216, 0.987846348380127, 0.9927186623160621]
Curvatures:
[743.7392488184005, 640.7909806465098, 797.0945878777279, 426.8792924010783, 598.9503602129437, 601.636651713959, 513.3681451127852, 794.9524522539969, 724.8656197958435, 644.5224740453359, 707.890006413483, 745.9108216936543, 507.3681451127851, 637.4478348960022, 736.2295808265224, 758.714862200761, 858.6093065034893, 654.1341263970173, 770.4844148224614, 789.8519471906086, 496.46865017617347, 585.4514062334704, 695.4392129246506, 635.3630944789018, 792.2123368838193, 824.7930726875628, 558.0458146424488, 851.5884912233179, 811.6265504461924, 826.7773080412748, 801.383909759073, 782.9021997223026, 829.5382386916237, 801.6093065034893, 739.9108216936543, 781.0615792887368]
Curvature Stds:
[0.37570704317784764, 0.3861674963278101, 0.37726537180730607, 0.34326485788802275, 0.3812772011779512, 0.3905208450644865, 0.3460957894849375, 0.3798627519763502, 0.388680116705653, 0.376704626149458, 0.3713401789039272, 0.37599469086036025, 0.3503328852579421, 0.38700219682833126, 0.3882256440381111, 0.3913307327583472, 0.3875856446921681, 0.3867151949764795, 0.3877903695424312, 0.37728349928527266, 0.34949607933789667, 0.36252701802385656, 0.3945933533316191, 0.3612615930153578, 0.38887951369575596, 0.3764393376734422, 0.36273788716019445, 0.38892885812567657, 0.39176719412892447, 0.39553225188925667, 0.3899140514526845, 0.37677556017953273, 0.38486223411782455, 0.3797991668003565, 0.3756402059606486, 0.3850110697177035]
BBARs:
[1.073394495412844, 0.9829424307036247, 0.9868131868131869, 1.0906801007556675, 0.9913978494623656, 1.004739336492891, 0.8740157480314961, 0.9383983572895277, 0.9915433403805497, 0.8408071748878924, 1.0757238307349666, 1.0893246187363834, 0.8888888888888888, 0.98, 0.9918864097363083, 0.9833679833679834, 0.9788583509513742, 1.0064516129032257, 0.9808102345415778, 1.061503416856492, 0.8633405639913232, 0.8024691358024691, 1.0346420323325636, 0.8871287128712871, 1.0714285714285714, 0.9822134387351779, 0.8077753779697624, 0.9858299595141701, 1.0919037199124726, 0.9244186046511628, 1.0183673469387755, 0.9227722772277228, 1.1356321839080459, 0.8368932038834952, 1.0200445434298442, 0.9333333333333333]
Frechets:
[198.41685916272337, 157.3252999361514, 212.0336058270009, 194.50257067709927, 220.25950603776445, 201.62155142742057, 217.91798916106032, 210.35981080044735, 225.1427325054042, 182.08857734630143, 193.53617232961903, 222.6437737732632, 199.60774033087995, 185.64010881272398, 192.6661620523957, 218.39929029188716, 226.63903017794618, 199.20404112366796, 222.87945172222584, 169.45869703263978, 193.43538973000778, 190.6600377635544, 150.38035111011013, 219.29489278138695, 206.35224738296407, 240.80749573051085, 161.1218483012158, 230.675638072164, 209.17994645758947, 189.37330857330448, 235.64220759447997, 227.13707315187452, 121.69326193343656, 170.94224170754285, 209.50954632188004, 208.29366288968083]
RGB Y:
[0.36014668850166465, 0.2801744484684555, 0.3589823318209295, 0.2574759900799431, 0.2770499971922554, 0.2973581786696979, 0.3428384674834274, 0.22125444671096597, 0.36369113590748664, 0.3635125279756965, 0.3473681865331517, 0.30936740077117986, 0.35624852911128657, 0.2865548637935124, 0.3664312909780826, 0.20120052973900474, 0.32657498661529855, 0.2828728333905409, 0.3513834591202397, 0.34562643430397877, 0.3815007660691488, 0.3577755563658429, 0.32899003180889697, 0.3815050609817579, 0.3549463045279764, 0.2552944042568415, 0.3318473672797764, 0.30298438624980945, 0.24893073888542558, 0.3750660308823951, 0.34140479236175036, 0.3343807182292187, 0.34150930180942296, 0.30559041441202706, 0.31555466437519986, 0.24859278397035323]
CIE Y:
[71.09939093171045, 72.21810030135951, 69.27756632144384, 69.14516425834489, 70.67062998586914, 73.1112645935456, 71.45711363656228, 55.12532167538617, 73.05500146418451, 71.9572464037767, 68.64462125081184, 70.97720529719395, 73.90930553727353, 74.83275657157914, 75.40537027382891, 49.73860931186064, 75.6455702051893, 59.47013240016085, 77.69858384609921, 79.6678805670587, 75.14995143393404, 73.03766789889863, 72.70538929898092, 74.67040972320271, 76.54705729688186, 60.123468900410465, 81.7043142157799, 75.68138077517678, 60.683224848757796, 81.60469385058684, 77.83418294344106, 75.58204946345316, 74.50547506645326, 74.6729791493211, 73.62881448118081, 72.35541823561472]
lab b Y:
[44.06942671019564, 35.719626372851174, 44.26363801769816, 33.29944002124755, 35.586939957212735, 37.799790575334335, 42.41690427387573, 27.824549842401517, 44.73784039616271, 44.558860233856905, 43.01132847205778, 39.15429046473919, 43.82006847218567, 35.84656015649045, 45.04766940729726, 25.17269752253507, 40.51708582826055, 34.98868272868232, 43.26415166027319, 42.48051360216955, 46.936311704516086, 43.66840083366896, 40.488352201763966, 46.599012769170926, 43.94587575712255, 31.595292950168194, 41.93469214310363, 38.48080198124608, 31.207030082135038, 46.04654067716915, 42.58497538587107, 41.597418704087424, 41.85626117000166, 38.507571335493644, 39.4490851256867, 32.12750794597675]
HSV Y:
[0.39580167753970746, 0.3244767229651777, 0.3847036775521767, 0.28545290339736323, 0.3057675939547617, 0.3321845985936823, 0.37395839300923117, 0.2422039918331092, 0.3939955171327815, 0.3928884395322431, 0.37093622873110227, 0.3345171943432384, 0.39782581289663665, 0.34359449740875364, 0.40385320928697244, 0.22188999534505338, 0.3713581183452361, 0.30364744285833506, 0.4018356622865046, 0.408551694139498, 0.4124639041735853, 0.39779901615690927, 0.38600942738404037, 0.41371931714223015, 0.397057817960559, 0.2814343491151848, 0.3642819905910321, 0.33536566030738124, 0.2726487555901766, 0.4239891178111546, 0.37936793583156797, 0.3737624707275025, 0.3904366758109804, 0.34106400572837076, 0.3548642322361195, 0.2863269568737866]
RGB Y binary:
[0.3700835834455641, 0.2632424865863717, 0.3676598108335658, 0.25432003505422635, 0.290582123329534, 0.3139331009348872, 0.3457302861319402, 0.22689779632113116, 0.37549854354090284, 0.3641996581574545, 0.37419268952720686, 0.34464230988135375, 0.37210529113688534, 0.30507167775271715, 0.3834701517753169, 0.20942314627179043, 0.3331986122543636, 0.2851601634166003, 0.36462478862532705, 0.3394979529099868, 0.38598293193237443, 0.35778216936518975, 0.3442462782507716, 0.3813293013226748, 0.36252129519321363, 0.2590426984639935, 0.2961328877809013, 0.2811183309087744, 0.22872297150613444, 0.38369951576090927, 0.33791812882775074, 0.3320687923526264, 0.3438391196840802, 0.30151709225648743, 0.3070118367922606, 0.2145804860866502]
CIE Y binary:
[71.00045153135879, 58.966937118920654, 69.59113001022239, 57.319899799286205, 63.84027245512107, 66.44799878444736, 71.4697540924135, 53.47893085624508, 70.95879060552876, 71.97395680758372, 64.88460989840391, 62.63535953363729, 73.44473297542177, 68.20870026234793, 71.96294671024575, 48.063502055345396, 70.82236936535716, 58.064719785738006, 75.49034286986517, 76.79644870158782, 74.37485778974678, 73.03796657599277, 73.41079593919355, 74.1741494549869, 75.33934044889556, 57.237894924331094, 68.87870087881163, 67.6369246729929, 51.684286014500906, 77.9934491558422, 72.94574337910011, 73.16592454446726, 71.86073086633859, 70.19974609090573, 69.5181986213912, 56.08928318431724]
lab b Y binary:
[45.2004030636607, 32.8242603951742, 45.282776333894795, 32.20068530855249, 36.65860217925205, 39.27590472056103, 42.746990134670085, 28.41014978345445, 45.90310825807031, 44.644095772133625, 45.743591689994844, 42.36398626535548, 45.65272103276042, 37.5574058811772, 46.64077194899668, 26.035305119897384, 41.07229446297995, 35.188273054719424, 44.628791047022546, 41.61080576895633, 47.39437865164622, 43.669233463108526, 42.3325735478195, 46.5569760138965, 44.76565405125824, 31.954723467696795, 37.540988235420535, 35.29801714046877, 28.35211559084074, 46.8588319829462, 41.985140160981686, 41.2773265805326, 41.9426216009287, 37.7938354242589, 38.360593309557075, 27.354368031783565]
HSV Y binary:
[0.399151903603435, 0.31153624426177, 0.3882688376329352, 0.27307612547781546, 0.3115646258503401, 0.33225356166302245, 0.3762768104786078, 0.24368794766965382, 0.40114541299649437, 0.39290136980320206, 0.3868067909878852, 0.35709768037707523, 0.40301003382831685, 0.3422148401182529, 0.41416613383961054, 0.2239460125032313, 0.364130865372492, 0.30299122987236615, 0.40571502557844186, 0.39763344041446175, 0.41485382190610626, 0.39779901615690927, 0.390440931379976, 0.41222954591100813, 0.40054301535221737, 0.28156014167767707, 0.3173424847653761, 0.312235848788786, 0.24518717938126308, 0.42430651206164105, 0.3733308884589903, 0.3668971890966567, 0.3873882050848091, 0.32999990684804953, 0.3403352145946641, 0.23827207536185863]
area/perimeter:
[101.57369716082835, 93.92110585012601, 104.47718530737492, 95.53055850519047, 106.37071361098906, 95.93470262502666, 110.56990955187779, 103.24434900504302, 107.89872100191985, 92.93322563449279, 103.7649714535747, 109.64245414608027, 100.75403848867221, 98.26018557448982, 103.19386284631928, 106.24536876753747, 107.07861978530899, 101.86757033905594, 105.50267742313835, 95.52027440599862, 97.20771024895622, 96.74096970413619, 89.0765792404741, 107.40572205335907, 106.64432068723352, 113.25626068924068, 90.99776690707483, 110.43607278679244, 106.09972102963843, 105.27745524324935, 112.74594416441379, 111.0751282819663, 76.3007767504259, 95.47622340751172, 103.09319021637042, 102.82796175785668]
Convexities:
[0.9165851696814524, 0.9117715200150371, 0.9263299277836119, 0.9741516084067846, 0.9357815163097564, 0.9214834129175891, 0.9638172135569355, 0.9027297001180712, 0.9211531511677491, 0.9266194127155514, 0.9194353116013309, 0.9250678618199804, 0.9700200153549849, 0.9172651275531625, 0.9079622015678169, 0.9128839127816208, 0.9084230898895811, 0.9167313388710677, 0.9162745458675821, 0.8822590919711099, 0.9618582746915337, 0.9435519224218682, 0.8973300517402899, 0.9447631567271918, 0.9139438344174198, 0.915268043778176, 0.934217333742219, 0.9122254053060184, 0.9102551819014654, 0.9003054489781884, 0.9202585694303393, 0.9151154543359695, 0.8309624679549752, 0.8918590595100279, 0.9175838190396759, 0.9245135302619545]
Mean curvatures:
[0.3672786413918027, 0.30971047880449964, 0.39401610868894116, 0.24978308507962452, 0.28132943175807595, 0.3058651000070966, 0.25629962312171006, 0.37480077899764114, 0.34015280140583926, 0.35432791316401097, 0.34214113408094876, 0.3533447757904568, 0.2764949019688202, 0.32113241052695324, 0.334497765027952, 0.34755605231367886, 0.4017825486679875, 0.30075132248138725, 0.3618996781693102, 0.37594095535012306, 0.273536446378057, 0.31091418281118977, 0.3575522945628024, 0.3097821035977093, 0.36898571815734477, 0.3727036026604441, 0.3047765235622331, 0.3827364005498058, 0.3863048788415956, 0.3699227329043735, 0.35952620446795563, 0.3609507605911953, 0.37016431891638724, 0.37301503327291263, 0.3679317860236968, 0.39072615272072875]
Max curvatures:
[1.0, 1.0, 1.0, 1.0, 1.0, 1.0, 1.0, 1.0, 1.0, 1.0, 1.0, 1.0, 1.0, 1.0, 1.0, 1.0, 1.0, 1.0, 1.0, 1.0, 1.0, 1.0, 1.0, 1.0, 1.0, 1.0, 1.0, 1.0, 1.0, 1.0, 1.0, 1.0, 1.0, 1.0, 1.0, 1.0]
Skewness curvatures:
[0.12193310038333965, 0.5392940484760163, -0.00046039291207639076, 0.6713630423351156, 0.7106356151529699, 0.5913224213955276, 0.6380787697029234, 0.11336992040145585, 0.36395679391082897, 0.2000969941007585, 0.22878743656190836, 0.20028279663791554, 0.5016889969582081, 0.46998404730831467, 0.394816318060744, 0.33740215600670753, 0.03417622565974448, 0.6036046615640355, 0.23544059206791154, 0.08867778520252295, 0.5183136034167705, 0.35446368017185725, 0.3009557987626917, 0.35103419323384183, 0.20460218024912233, 0.0990290972047452, 0.39942048342779685, 0.13444736528365184, 0.13444034518065195, 0.24014902159584112, 0.26181986438749805, 0.16401880797057916, 0.17216150095726482, 0.12212686757639561, 0.11796535826065119, 0.06968415691209211]
Kurtosis curvatures:
[-1.7963066616999628, -1.4940945640774987, -1.7893480107287605, -1.4787369754114772, -1.281416384380699, -1.433912632516457, -1.5133294391277776, -1.778824248347427, -1.647859250209617, -1.7699500050619579, -1.7839608538512564, -1.7730377430511575, -1.681637096364249, -1.563141650656346, -1.6257744938056642, -1.662216079324349, -1.7550251049837309, -1.4203158242244105, -1.7211355098397445, -1.7929000794576435, -1.6661517046538867, -1.7527139468815722, -1.6804032479701572, -1.764136642576947, -1.7304595489118066, -1.795992048105989, -1.7105773575683936, -1.7478943516244432, -1.742525583847629, -1.7081838883146931, -1.7056761522151327, -1.7815024267781312, -1.7497945781941189, -1.7777802795221018, -1.7973275723766304, -1.7636625743043117]
RMS curvatures:
[0.5254040185571951, 0.4950211267222861, 0.5455069703232767, 0.4245260324794929, 0.4738338878883757, 0.4960443426068196, 0.4306643615526281, 0.5336397045538167, 0.5165037864590736, 0.5171601738432356, 0.5049297813543963, 0.5159695127946863, 0.446298735498883, 0.5028883826862638, 0.5124528324611946, 0.5233879554413281, 0.5582578690762785, 0.4898979485566356, 0.5304269485696457, 0.5326109656611508, 0.4438126822992974, 0.47759131888092304, 0.5324918382854492, 0.47589378047776154, 0.5360762411974057, 0.5297306394613153, 0.47378001656477914, 0.5456673061387901, 0.5501935966661828, 0.5415612528643707, 0.5303697382198393, 0.5217712854498253, 0.5339855449813188, 0.532341640443275, 0.5258130499528763, 0.54854393645825]
Norm curvatures:
[0.451091829922042, 0.39071840411610814, 0.48335224828479145, 0.30349113841071923, 0.3608975002978577, 0.39236836952469467, 0.30944959326771415, 0.4582399515612876, 0.4267635693974048, 0.43421357370527497, 0.419203941965934, 0.432023243606649, 0.33296770794081054, 0.403884437510662, 0.417680953262321, 0.43752255053470607, 0.49790767324665014, 0.38338670939907693, 0.4510415556993007, 0.4610826128258858, 0.32963441705693786, 0.3775431218855525, 0.44002071361984796, 0.3747888650354315, 0.45675533510197736, 0.4541184388435353, 0.36676545672645006, 0.47461414974190047, 0.4744426750037453, 0.4603246473468047, 0.44709667019967697, 0.4417558211631283, 0.4570555095719448, 0.4557978851519784, 0.4482760050775006, 0.4814924845974859]
Radius of curvatures:
[1.3676402961560208, 1.3223879051723126, 1.363643220648141, 1.3995942601716915, 1.3141567797738802, 1.3063454471717686, 1.3973897622206868, 1.3585961544675997, 1.3305827056994577, 1.3641070830537694, 1.3746417578680852, 1.3656278761305254, 1.4007574720700144, 1.3267740286996434, 1.3296449600552551, 1.3259936352956612, 1.340600011500423, 1.3142309783520034, 1.3385674527590554, 1.364383359380843, 1.401063925472362, 1.386976194127718, 1.3202207184085668, 1.38965357919932, 1.3369468016996526, 1.3662049823675881, 1.3839316309202323, 1.3379597698361358, 1.3313708498984762, 1.3204439813681474, 1.332793720914262, 1.3647435065825646, 1.3467483870639194, 1.3586765484236298, 1.3678216433873085, 1.346978897176303]
Pigmentations:
[11.510722916785598, 68.83082789875097, 7.717593165779373, 69.99337718440026, 64.73601026725767, 61.19848293299621, 4.007774795966824, 28.08572704271469, 25.68884379209601, 0.5599044103004028, 30.830971188888956, 49.2046901321532, 18.31477929593525, 61.74033817259655, 38.63008255964102, 26.73359414510513, 42.038049190666385, 10.244639962110861, 33.159908819256614, 40.04663801324676, 10.495080537461503, 0.005431498618362539, 15.112150607722096, 5.607566022662061, 22.900521448532167, 15.30729362354794, 87.68635172546523, 78.86625569552399, 38.763456624638714, 37.23201237857818, 53.468039221935385, 26.87470914816939, 24.831446774293312, 60.25080511986637, 43.80808622646923, 94.63984234075197]
