Filenames:
['B5HD1P1-01.png', 'B5HD1P1-02.png', 'B5HD1P1-05.png', 'B5HD1P1-06.png', 'B5HD1P1-07.png', 'B5HD1P1-08.png', 'B5HD1P1-11.png', 'B5HD1P1-12.png', 'B5HD1P1-13.png', 'B5HD1P1-14.png', 'B5HD1P1-15.png', 'B5HD1P1-16.png', 'B5HD1P1-17.png', 'B5HD1P1-19.png', 'B5HD1P1-20.png', 'B5HD1P1-22.png', 'B5HD1P1-23.png', 'B5HD1P1-24.png', 'B5HD1P2-02.png', 'B5HD1P2-03.png', 'B5HD1P2-04.png', 'B5HD1P2-05.png', 'B5HD1P2-06.png', 'B5HD1P2-07.png', 'B5HD1P2-08.png', 'B5HD1P2-09.png', 'B5HD1P2-11.png', 'B5HD1P2-12.png', 'B5HD1P2-13.png', 'B5HD1P2-14.png', 'B5HD1P2-16.png', 'B5HD1P2-17.png', 'B5HD1P2-18.png', 'B5HD1P2-20.png', 'B5HD1P2-21.png', 'B5HD1P2-22.png', 'B5HD1P2-23.png', 'B5HD1P2-24.png']
Areas:
[153917, 174988, 217433, 215780, 192617, 193433, 135532, 156777, 218344, 223203, 181537, 204548, 217064, 242291, 178070, 180645, 211901, 205774, 191430, 235361, 216538, 185068, 233866, 174900, 154184, 157575, 231711, 194535, 186529, 196668, 162654, 177358, 180525, 169480, 193931, 187930, 228170, 200626]
Perimeters:
[1746.6652224137047, 1750.1748904055828, 2542.8826099314074, 1939.6896090313442, 1812.6479784710016, 1784.7413408594534, 1694.2266222336918, 1747.701802340164, 1904.0144648186222, 1954.358656589656, 1921.3170260293134, 1984.897761833057, 1921.8733752154176, 2051.973880278806, 1869.3170260293139, 1857.6307345282985, 1956.3464632808364, 1982.5891039679557, 1698.0012254892758, 1953.6652224137044, 1906.2409075835649, 1868.4764055957476, 2084.240907583565, 1813.417531092702, 1692.5941546018391, 1643.5037508062176, 1998.6774157225245, 1887.0815280171307, 1771.020561473032, 1848.0428560496184, 1764.8439379638949, 1661.640835796065, 1794.1088732276003, 1765.179941039466, 1823.7901140947324, 1900.7606768432095, 1931.0621920333747, 1932.9322497184635]
Minor axes:
[353.45667275444646, 443.8181459903061, 405.78249414773967, 478.6388575608252, 479.8395254669621, 473.32457606217037, 331.2783693678745, 409.5537847065245, 511.71073523132947, 511.96123030727017, 453.778639928979, 456.65322745325955, 494.28614738914143, 528.6300098227631, 441.44677437944983, 458.83576596720235, 464.956456823991, 446.92955487907966, 441.3208903005525, 499.58005081418963, 516.8541906360077, 464.40365568776906, 502.4642905573552, 441.88604530698746, 382.623925329197, 387.44278813760565, 492.63220113261565, 452.1394637821464, 451.0277608142021, 398.60623060456436, 456.4625826415584, 431.31832303180875, 452.4521030281991, 416.87337038826746, 482.0986214064143, 432.73989226023303, 489.33851513093754, 468.65643789225095]
Major axes:
[571.3879190615623, 506.1541056799481, 700.0047164576706, 579.2464913774502, 511.8570437320769, 530.2107100493901, 540.6900734207753, 504.41014117431945, 543.5494959514671, 555.1559348000407, 530.1608082401347, 588.7082284090424, 559.6964638630993, 588.0104247097316, 531.2894106133944, 513.0351680234994, 586.7119614471072, 606.1187724000379, 553.623559623889, 609.2768701120899, 534.9103626324945, 520.8933017883496, 607.0735370202572, 519.8441393796625, 521.4700894506169, 524.7440768246732, 612.616882074212, 557.141960907857, 527.1268138342436, 637.4169059492726, 467.2794772125954, 524.7906958305044, 515.4646898784046, 533.5913051073554, 522.3440925856949, 566.8019791601341, 608.0853180846236, 561.8333007440785]
Convex hull areas:
[163416, 178436, 249837, 219444, 195055, 199654, 141456, 167531, 219887, 224838, 192315, 215550, 218921, 246874, 187260, 187286, 216354, 217267, 193792, 242525, 219150, 193237, 243844, 183135, 160180, 160696, 239702, 201685, 187978, 202042, 171541, 179380, 185755, 177285, 197772, 196215, 236585, 210565]
Elongations:
[0.23654493841074628, 0.06582294982840818, 0.248498937128944, 0.09541510080179495, 0.032415755279367964, 0.05696303664636897, 0.24116736455710425, 0.10426639214289192, 0.03032111790159966, 0.040526873084059084, 0.07819723357361487, 0.12680012007802788, 0.062171491104739636, 0.053290193168505376, 0.09285628571316892, 0.055946421085506445, 0.11619261748054076, 0.1517985067223246, 0.1131813817721468, 0.09929336159482377, 0.017201056669840478, 0.05768186768934948, 0.0945904085033646, 0.08143847817795835, 0.1541175162656047, 0.1509710350306612, 0.10892162587328576, 0.1044588307268517, 0.07805785307981014, 0.23110016653251805, 0.011916925624533337, 0.09807057982444896, 0.0655097323156554, 0.12332259432296311, 0.040036874750705644, 0.13461738352108135, 0.10857989668231016, 0.09093041989930194]
Roundnesses:
[0.7258241443247792, 0.8359331979381035, 0.7674888305730226, 0.8271875636903381, 0.8305456628756103, 0.7820600870558472, 0.6721558720852101, 0.7333868571251793, 0.8406901831117847, 0.8475157763769876, 0.6971801369072688, 0.7280724591441347, 0.8441123758621738, 0.8089385222668535, 0.7223867215311118, 0.7334725715983438, 0.7935333507944401, 0.7251549901356843, 0.8064866686713739, 0.804268106103641, 0.8400402357508199, 0.7518560981948602, 0.7642232172512193, 0.7628953854382321, 0.7576021183423641, 0.7744018942613771, 0.7761435196362038, 0.7516878963738859, 0.8387584089018119, 0.7418834206385695, 0.7226158087386094, 0.8457965478237518, 0.7448454553576269, 0.7365916133790782, 0.7866905773177818, 0.7358579945859139, 0.7511494159062344, 0.739183210456521]
Eccentricities:
[0.7866416214053836, 0.48143049796777626, 0.7985536267987489, 0.5639749686885298, 0.3487815028492659, 0.45161334062145164, 0.7913323436670406, 0.5848282109567663, 0.33801035007743496, 0.38694411230462683, 0.5187134115551852, 0.6320376410271377, 0.46949502726528203, 0.4383344477737298, 0.5576639813795768, 0.4479961357718344, 0.6107734039628698, 0.67653027182713, 0.6044377182857079, 0.573292812989505, 0.25786996204967244, 0.45414505904285096, 0.5619554764547039, 0.527767937089559, 0.6803086044660923, 0.6751688814961146, 0.5952319030449118, 0.5852656611165729, 0.518317926086139, 0.78097428616439, 0.21575817004159242, 0.5703863336359284, 0.4804248765159552, 0.6252401052805316, 0.3847789833191492, 0.6467421039385715, 0.5944806306260153, 0.5528248312299506]
Solidities:
[0.941872276888432, 0.9806765450917976, 0.8702994352317711, 0.9833032573230528, 0.9875009612673349, 0.9688410950945135, 0.9581212532518946, 0.9358088950701661, 0.9929827593263812, 0.9927280975635792, 0.9439565296518733, 0.9489584783112966, 0.9915174880436322, 0.9814358741706296, 0.9509238491936345, 0.9645408626378907, 0.9794179908853083, 0.9471019528966663, 0.9878116743725232, 0.9704607772394599, 0.9880812229066849, 0.9577254873549061, 0.9590803956628008, 0.9550331722499795, 0.9625671119990011, 0.9805782346791457, 0.966662772943071, 0.9645486773929642, 0.9922916511506665, 0.9734015699706001, 0.9481931433301659, 0.9887278403389452, 0.9718446340609943, 0.9559748427672956, 0.9805786461177518, 0.9577759090793263, 0.9644313882959613, 0.9527984232897205]
Curvatures:
[834.7098115668775, 814.2123368838193, 542.6782822743016, 924.319984622144, 867.8016946589144, 617.9783181680516, 737.6265504461924, 727.8950570473662, 852.319984622144, 969.432682994352, 954.8885271170678, 897.6509370638319, 888.7133829043458, 931.5453813665602, 872.9524522539969, 866.8519471906086, 934.0773439350246, 862.5331880577404, 518.4097756731278, 649.3544725075502, 796.7270555095806, 893.6006845321377, 974.4829355260463, 811.383909759073, 738.0702012600883, 625.6646096690667, 759.8225099390856, 777.2001435749994, 779.1412690719537, 634.5052301026327, 734.986940139403, 591.07882323144, 680.6473657263637, 682.6473657263637, 734.7306268470488, 918.0479066835019, 594.2209588551708, 780.843325219257]
Curvature Stds:
[0.3863605886193376, 0.3916393637077334, 0.38284337568300536, 0.3845902242680804, 0.3874618571192208, 0.35752908232241354, 0.3802321566345235, 0.39017843862083385, 0.3747877086333378, 0.3849917758364725, 0.37898195554578296, 0.38777247198297293, 0.38162300869633814, 0.375700074006016, 0.3903083131086683, 0.38789533013130334, 0.3864711673156537, 0.37236220260797204, 0.3414303880764211, 0.35149099768622033, 0.3869710324511731, 0.3874745230902379, 0.3864877239953555, 0.3908953308904244, 0.38258891750830604, 0.3667376615920883, 0.3650361761580678, 0.3885177595065773, 0.38732091458947526, 0.3545444566029511, 0.3875575819469447, 0.3554196820358867, 0.3638907056852088, 0.3648873253159022, 0.3659547784980483, 0.38168912153073986, 0.34324287476198934, 0.3681454906680617]
BBARs:
[0.8723404255319149, 0.9665970772442589, 1.1937377690802349, 0.918918918918919, 1.0161616161616163, 1.0506072874493928, 0.7607843137254902, 1.0, 1.0484496124031009, 0.9577981651376147, 1.0350515463917527, 1.0452830188679245, 1.078895463510848, 0.9495652173913044, 1.0119760479041917, 0.9011627906976745, 1.0894941634241244, 0.8568935427574171, 0.8211678832116789, 0.8505942275042445, 0.974169741697417, 1.0139442231075697, 1.0484739676840216, 0.9900990099009901, 1.0360169491525424, 0.741106719367589, 1.1594488188976377, 1.0135396518375241, 1.065263157894737, 0.6595394736842105, 0.9462809917355371, 0.8517110266159695, 0.9282868525896414, 0.8658777120315582, 0.8911439114391144, 1.0967078189300412, 0.8330494037478705, 0.9185185185185185]
Frechets:
[164.73994658248498, 203.2123273819775, 376.84114690410337, 220.80817466751543, 225.9231063879921, 208.97188806152852, 137.7325306527111, 174.0265784298479, 254.21693491976492, 254.16382512072798, 176.72931279219077, 186.18874831739967, 240.88430833078357, 247.14621178565534, 182.08308543079997, 207.24200828982526, 212.70460737840165, 181.69273513269593, 216.39142774148888, 221.26285273402763, 247.93396298208117, 198.59065939766654, 216.95218367188656, 183.31462025708697, 173.45100172671243, 179.5027854937076, 216.77465257727897, 202.27518384616536, 223.02073894595543, 185.55120587050897, 189.51055379582425, 209.38063425254973, 186.10548084352592, 166.42190360646643, 215.379316555699, 175.26337324153042, 208.2792596491547, 188.56364973133077]
RGB Y:
[0.25841705685627286, 0.23078981490819384, 0.2863313332355024, 0.23710563157212333, 0.27476171055882437, 0.33071645474470573, 0.26148483782129517, 0.28560868590462163, 0.3313082008862038, 0.36811001823708744, 0.27250116174342304, 0.3273753828221309, 0.31471128856913816, 0.3643132287377155, 0.29740661726574236, 0.33170747974167153, 0.35000612710284956, 0.3757948346828988, 0.31185658841334346, 0.3401753621546131, 0.35715223828378206, 0.3234602769136807, 0.35169462722742717, 0.29791902939809056, 0.3019630183529514, 0.3123925301765082, 0.3043642609233231, 0.31820065680567733, 0.3365109891935982, 0.3066668287960135, 0.2923981205831635, 0.29225732390119014, 0.2773449689172938, 0.2893635224035296, 0.3032238061500486, 0.36378649567955496, 0.28798547071516467, 0.2964868026302043]
CIE Y:
[69.37294073510158, 56.59432369175347, 72.776233285085, 71.58074752725231, 65.70532330401423, 70.82581649392745, 73.1807619838269, 64.90712188266848, 72.28907137351824, 70.49991727480798, 77.41185759136087, 73.71312858099769, 71.39842450125074, 75.79097276077187, 77.49445965951278, 73.08227651823857, 71.51885309170244, 73.74262706278287, 69.92706876034968, 76.98862335762094, 76.71558561113616, 78.89599463809465, 78.46262454370626, 77.6471243775819, 70.42864656607378, 73.80806133922285, 77.6008869931335, 75.02361536923483, 75.03592142594218, 74.11454855941945, 72.21029834303533, 73.02618849091813, 76.07435255469566, 77.96696430858806, 75.8738353012993, 76.66729306738438, 77.08821985555653, 74.5499032553059]
lab b Y:
[33.25584143501159, 29.524142205141704, 36.420047518221, 31.234112694463764, 34.34374176066194, 40.787861975533716, 33.174407144471736, 35.30487730819796, 41.45606738273201, 45.62942457265314, 34.84197199655718, 40.85037120893935, 39.89492954184798, 44.7350855797406, 37.664733405690136, 40.61151645854009, 42.94077227105316, 46.02588455492286, 38.34106811185696, 42.44786631319802, 44.002176348420704, 40.73922139533878, 43.52815960123216, 37.37898889795613, 37.54011030795294, 38.906312455584484, 38.667381530614335, 39.78349599810885, 42.08804647104641, 38.51141890602965, 36.465387457595426, 36.84077134934363, 35.47894680907682, 36.83045774528592, 38.32607311916528, 44.61024802324339, 36.83869908751283, 37.317405337181455]
HSV Y:
[0.29437283960126126, 0.24825036650656965, 0.3291428478662276, 0.26946295662841036, 0.3113820254828377, 0.3759248216496011, 0.3055274746037463, 0.3256322632054634, 0.35955805974139726, 0.3840585875049542, 0.32437386794447454, 0.36273218427430887, 0.3369346126890394, 0.4050812641638472, 0.3436848291813598, 0.386249544903593, 0.3877518504157774, 0.4078370011501213, 0.35320468089107715, 0.37843239539848084, 0.3980162753784559, 0.36363365679530646, 0.3907785796300058, 0.3555955797834968, 0.34694019008011096, 0.3604631428392612, 0.3423671985027003, 0.35520392510011883, 0.3687621497715991, 0.34701162145306924, 0.33921740105597153, 0.3394104067418179, 0.31634463573857835, 0.33421815436942875, 0.34332707801278345, 0.4039420946039378, 0.325954716312354, 0.35181019486359205]
RGB Y binary:
[0.27643219685694437, 0.2270045490281865, 0.3231445469623414, 0.21505999986078916, 0.2628994123194881, 0.3435279938200127, 0.27694070818580774, 0.3023870443718073, 0.3409395764071252, 0.38993360681974626, 0.31085764360926577, 0.3088775200746965, 0.3399281361409316, 0.3690749265330935, 0.29080931783200403, 0.34462483751192335, 0.36777667159888405, 0.3807622525468273, 0.3091259698401909, 0.3404809956443943, 0.35905799932766375, 0.3278284213555383, 0.3577140671280437, 0.27412424193666934, 0.3109542395520004, 0.3268205625980226, 0.26405222778072296, 0.309522125414583, 0.3223295394290521, 0.31289117961129004, 0.2716792116599468, 0.28081898729172794, 0.2916936619595263, 0.2679590313775574, 0.27488990078723935, 0.35764930126442634, 0.2477187680604927, 0.2720549360905044]
CIE Y binary:
[65.35090989419889, 46.48109286076686, 67.9222467734934, 54.699243817047055, 59.05765822469112, 69.12138095181137, 66.5038603939972, 59.75080704833017, 67.1031165438163, 67.83639802748046, 68.69601042526483, 68.43747029818353, 64.48920434920285, 74.16468890881768, 67.41638400224613, 71.40578162625647, 69.72658898868465, 72.48702918420726, 68.55352418659069, 71.87248618623094, 74.13341555205764, 72.32747016054135, 72.95053864205065, 66.55630830132493, 68.37134635748494, 72.0695674134377, 65.25299949918464, 70.58691851726007, 71.18917642125575, 70.23225133566612, 64.688626654816, 65.85134592813482, 67.25021815483248, 65.32762656484923, 64.73973636219459, 74.74378086883192, 63.075753495521255, 63.55917278688049]
lab b Y binary:
[35.18179919343295, 28.501933516280634, 40.29550825784155, 27.643427547684297, 32.7435615197, 42.14891618861037, 34.63931740703922, 36.94189219800415, 42.174957226185875, 47.768340094480884, 38.80831971900402, 38.372742078262824, 42.14664172676366, 45.19302553894486, 36.36792535924754, 41.95650656368254, 44.79663588376988, 46.50432958303136, 37.96920652413445, 42.1349859433407, 44.08916872338233, 41.04488026053048, 43.780801858386525, 33.84016846785933, 38.51593380474447, 40.53452205289782, 33.185171578378956, 38.42472938761463, 40.27934365966353, 38.966675317078476, 33.75629350808102, 35.36835425144471, 36.700404567994745, 33.74098430057063, 34.36538980228061, 43.88740654209367, 31.45436235874734, 33.79264159286436]
HSV Y binary:
[0.2972311856746181, 0.23363996387789623, 0.34417924216157963, 0.25065178671810745, 0.2868455009883103, 0.3800733001596732, 0.3078279700051307, 0.32590395786789805, 0.35977721186921857, 0.40145463168219014, 0.3392506743305041, 0.34359536027996535, 0.35219339998237553, 0.40563666076417787, 0.32201773336191775, 0.38991122537294975, 0.3977712405849676, 0.4083876698117129, 0.3485869760086578, 0.3728928163826146, 0.39466263356983605, 0.354271641461644, 0.39474226608214913, 0.3315233130611063, 0.34738095501757527, 0.3626120659818392, 0.30039091746744806, 0.3461659620512395, 0.351285715484824, 0.34381575821838806, 0.3090130238530427, 0.310983401995272, 0.3161816020345206, 0.2941130058995463, 0.3070827941017092, 0.39587609141434954, 0.276055433866297, 0.32135743678552975]
area/perimeter:
[93.97577939907227, 107.59396779210977, 113.64742234933965, 118.8720383225771, 112.52163675500353, 109.41219728784063, 84.83879876194287, 95.34103003987553, 120.55714333884411, 122.38676162239695, 100.05194959999753, 108.55913756046736, 120.44252460696323, 124.58192421349749, 100.86478953569326, 102.37877871366803, 115.37341624320761, 108.66158563873462, 110.53469636324965, 122.4310906357787, 120.00747061434372, 104.92144466759024, 118.95350501276137, 102.73535018780036, 96.10322318879592, 98.24368727657843, 119.33024515524917, 107.5614572097822, 111.27249081261289, 107.4527042226863, 96.40428732416746, 108.94959109580736, 103.13784094224113, 99.3623935927642, 109.87188993946094, 104.6022315283419, 116.47504752380992, 108.3241148439542]
Convexities:
[0.8893763752365933, 0.9146921784504526, 0.8528692528011891, 0.9115991916056, 0.9116192972543053, 0.9494160758499022, 0.8636000091109424, 0.8926310857083753, 0.9209172819158821, 0.9082030763955756, 0.8630116487970316, 0.8820928584666757, 0.912264086747493, 0.908887504233091, 0.8750844794395051, 0.8832506394684, 0.8993850703159018, 0.893300534709348, 0.980582721464776, 0.9447972140409712, 0.9249384731003808, 0.8886494283325572, 0.8880396313029658, 0.8876434430611274, 0.9067132921885079, 0.9395243734995857, 0.9256005117778684, 0.8961180964239457, 0.918011622605297, 0.9413795821194785, 0.8880756537580744, 0.9627583472548316, 0.8981895976235033, 0.8988204728395413, 0.9292386646512664, 0.8831314327273279, 0.9485325388473115, 0.8904123677574478]
Mean curvatures:
[0.3873363394741891, 0.3679224296808944, 0.34325002041385305, 0.3882066294087123, 0.3844934402564973, 0.2872981488461421, 0.3575504364741601, 0.32832433786529824, 0.36753772514969557, 0.40009603095103263, 0.4017200366500075, 0.3606472226049947, 0.3726261563540234, 0.37187440373914576, 0.3748185711695993, 0.37316054549746386, 0.38871300205369314, 0.35597737848028904, 0.2542470699721078, 0.27573438323038224, 0.33155516250918876, 0.3860046153486556, 0.3766845518075169, 0.35665226802596617, 0.3499621627596436, 0.31840438151097544, 0.31410603966063894, 0.3236985187734275, 0.3539942158436864, 0.28854262396663605, 0.32680610944393196, 0.2913153391973583, 0.3109398655670917, 0.3153105615364266, 0.3252459614196763, 0.39049251666673834, 0.2521090194548879, 0.32933079933330117]
Max curvatures:
[1.0, 1.0, 1.0, 1.0, 1.0, 1.0, 1.0, 1.0, 1.0, 1.0, 1.0, 1.0, 1.0, 1.0, 1.0, 1.0, 1.0, 1.0, 1.0, 1.0, 1.0, 1.0, 1.0, 1.0, 1.0, 1.0, 1.0, 1.0, 1.0, 1.0, 1.0, 1.0, 1.0, 1.0, 1.0, 1.0, 1.0, 1.0]
Skewness curvatures:
[0.0951119518756183, 0.22743159101192242, 0.3075135351509835, 0.07909944182684164, 0.11630040651722502, 0.4831715583928521, 0.20794739587929603, 0.44452761656601975, 0.11352664547989338, 0.025086618301625084, -0.02395116956800484, 0.24211935222529612, 0.13709385424782206, 0.09774352237849254, 0.18325718475687522, 0.1765095064675975, 0.08910998542648431, 0.15736836266081192, 0.6086217119242346, 0.5195432124759696, 0.4047367318131098, 0.10891551952634808, 0.14922886943818042, 0.28367862786889697, 0.26702654489310385, 0.3399841942553534, 0.35442384445509684, 0.4631766699952643, 0.2758683537104111, 0.4454008700175255, 0.43774215119820514, 0.43225016809244526, 0.36623578550976205, 0.34498589916399675, 0.28858509679040084, 0.048145583633009706, 0.6485482409677593, 0.2810336344257545]
Kurtosis curvatures:
[-1.7587641396470095, -1.7175864398924063, -1.6961418848465195, -1.7647639449315904, -1.7538670222009594, -1.6530360715939532, -1.7530121396162037, -1.5830025971683173, -1.8024575007932944, -1.7614857031393403, -1.776290966988687, -1.7183691483120196, -1.7681964894307882, -1.799857690565773, -1.7343349166166437, -1.7410196516951038, -1.7588433287033913, -1.8058680506840639, -1.5994964058477585, -1.649050250049383, -1.6197319469142586, -1.7546697242966347, -1.7508928641437902, -1.6935110743694688, -1.7193052051850541, -1.739003805277531, -1.7371467865474362, -1.5678733707839176, -1.7034805037475307, -1.7179936753046294, -1.5915177202293047, -1.726197146359013, -1.7339441029357094, -1.7458121482167324, -1.781113665414737, -1.774712740979942, -1.517828436203408, -1.7728052428487113]
RMS curvatures:
[0.5470867795108425, 0.537353054767246, 0.514188318438361, 0.546455879023591, 0.5458588611743442, 0.4586581199943234, 0.5219375514003598, 0.5099373341885043, 0.5249283817349191, 0.5552436415164881, 0.5522737640657839, 0.5295601091476605, 0.5333726400609787, 0.5286219043555337, 0.5411372659273747, 0.5382486227141111, 0.5481402750500263, 0.5151441583874938, 0.42569505810076935, 0.4467385942023522, 0.5095835610994741, 0.5469333315080284, 0.5396888106766158, 0.5291502622129182, 0.5185053472854303, 0.48567258785669576, 0.48157451557925574, 0.5056943548311783, 0.5247183965987985, 0.45711991594485735, 0.5069547440299202, 0.45955171333611916, 0.478643965472208, 0.48224839076207365, 0.4895996684285695, 0.5460503557984655, 0.4258810030576379, 0.4939533152927905]
Norm curvatures:
[0.4763256545476378, 0.4618479839816589, 0.42836927157440624, 0.4752279732847966, 0.47563338781084674, 0.34546848801606256, 0.43443885323275166, 0.4141481060335751, 0.44625262995218723, 0.4938561185116209, 0.49509391548162957, 0.4498159076886982, 0.46055143815231137, 0.4528027031553618, 0.46474215623917486, 0.46384394629283143, 0.47586530418237727, 0.43434353911366047, 0.3047981759233669, 0.33189705096192723, 0.4160740690531258, 0.4752752997033027, 0.46506848903984693, 0.4444647898254205, 0.4334250701966465, 0.379939869855545, 0.3794683641656417, 0.4099415212303731, 0.4378063968253761, 0.3428143468812239, 0.41232507610995567, 0.3551154932078556, 0.37878192277098427, 0.3859301025083243, 0.4018708716793637, 0.48101608909243604, 0.30726709823632764, 0.4032917321098451]
Radius of curvatures:
[1.3439887789063962, 1.3299667361277199, 1.3468102427657904, 1.3479934496282935, 1.341436529123976, 1.3884467562630318, 1.3562404674364956, 1.3214332421387822, 1.3697053459655875, 1.3464683535737572, 1.3592008236204185, 1.3383914187522574, 1.3544913708336352, 1.3678242754035903, 1.3341250258162674, 1.3397930713244672, 1.3437234099433142, 1.3743106360745787, 1.4085316205024079, 1.3972413566058701, 1.3318483295092811, 1.341427308203969, 1.3434078252153012, 1.3296482226069435, 1.3491228597144662, 1.3793324202785189, 1.3819836886437766, 1.3238098086805548, 1.33816654115616, 1.3968372564685552, 1.3280813796016786, 1.3960507265077708, 1.3836132028401793, 1.3827935165093244, 1.383394100887002, 1.3543639292791867, 1.401737250253424, 1.3792752112825812]
Pigmentations:
[83.24135321669472, 37.092677220887495, 66.78277741846068, 94.76019084288943, 42.19263565285787, 24.083894602476157, 77.03096390632992, 36.956090061813406, 43.885715336148934, 29.356194242826003, 89.87693924393683, 35.603049839559596, 53.869051746053756, 21.435283500780315, 78.19891321503461, 28.195480364149706, 25.67136336950552, 16.235359541846954, 9.567574369029769, 50.63417378407406, 26.07779285810238, 70.80929243850592, 44.790741765430035, 77.3370909696194, 28.547153227644127, 37.79254624349278, 81.07134506975173, 41.12000990793874, 37.61992649709701, 61.44281908106287, 48.04983146691689, 69.69230595131667, 81.27867339164864, 88.40487853999207, 78.423212890069, 16.30684428112081, 97.32928159301999, 75.39808399409691]
